   1.7731902e+00
   4.9417468e+00
   4.7539877e+00
   1.9602168e+00
   5.0139272e+00
   3.7091162e+00
   4.2538944e+00
   1.7030984e+00
   1.7705515e+00
   3.7742691e+00
   4.2657020e+00
   2.7696149e+00
   3.3253843e+00
   3.7586932e+00
   2.0225769e+00
   2.2433947e+00
   2.2848652e+00
   2.3905975e+00
   3.6010799e+00
   4.9291777e+00
   2.3166855e+00
   3.3651655e+00
   1.9860070e+00
   2.2681180e+00
   3.4940452e+00
   3.6674181e+00
   4.5711296e+00
   3.1336332e+00
   1.9630874e+00
   3.5154793e+00
   1.5560334e+00
   2.1367303e+00
   2.5881494e+00
   1.7514992e+00
   1.4169498e+00
   5.2050091e+00
   3.3748038e+00
   3.6817583e+00
   3.3004678e+00
   4.2084188e+00
   2.9446204e+00
   3.9359312e+00
   2.4048766e+00
   2.1974980e+00
   1.3573773e+00
   1.7749566e+00
   5.1268366e+00
   4.7304298e+00
   1.6893406e+00
   1.2815434e+00
   3.6320937e+00
   1.9025255e+00
   2.6462622e+00
   3.9300840e+00
   1.7126118e+00
   2.2805974e+00
   4.1116937e+00
   2.4055819e+00
   1.7798211e+00
   2.3368569e+00
   2.2263340e+00
   3.5090449e+00
   2.0277543e+00
   7.2628149e-01
   4.0285460e+00
   3.0239329e+00
   4.4325873e+00
   1.0819413e+00
   4.4683204e+00
   4.4703380e+00
   2.8910189e+00
   1.7161416e+00
   2.4187591e+00
   1.5725438e+00
   1.4450966e+00
   3.1978820e+00
   4.0499873e+00
   4.4119784e+00
   2.7252323e+00
   2.7451044e+00
   1.0915998e+00
   3.4326484e+00
   1.8270080e+00
   3.1565340e+00
   4.2891733e+00
   1.9505424e+00
   2.7327079e+00
   1.6879498e+00
   2.1900958e+00
   4.8608103e+00
   4.6426857e+00
   4.2913871e+00
   2.1776769e+00
   4.0419636e+00
   3.9699407e+00
   3.9289848e+00
   2.0327996e+00
   4.6362186e+00
   1.7561854e+00
   2.5972071e+00
   2.5852612e+00
   3.7702388e+00
   4.0089801e+00
   1.7681570e+00
   1.7549160e+00
   1.6398425e+00
   2.0921735e+00
   7.9476269e-01
   3.3674162e+00
   4.6866028e+00
   3.0367709e+00
   4.7369904e+00
   4.1063662e+00
   1.8527532e+00
   2.8103289e+00
   1.4170425e+00
   3.8645798e+00
   3.8259997e+00
   4.2564661e+00
   4.1663622e+00
   3.2491873e+00
   2.0759123e+00
   2.4746245e+00
   3.8376350e+00
   4.0317970e+00
   4.5645535e+00
   4.0477238e+00
   4.0769670e+00
   3.1157221e+00
   3.7289020e+00
   1.4916340e+00
   3.7330239e+00
   1.8278452e+00
   2.5973304e+00
   1.7109028e+00
   4.3408780e+00
   2.2004664e+00
   2.6963809e+00
   2.4523496e+00
   2.1324241e+00
   2.5513977e+00
   2.2049338e+00
   1.9874673e+00
   3.5738925e+00
   1.9302755e+00
   2.9636954e+00
   4.8650629e+00
   1.8948127e+00
   3.6119516e+00
   4.7145456e+00
   1.8068999e+00
   2.6086336e+00
   2.3787112e+00
   3.4730998e+00
   2.1156502e+00
   4.3380234e+00
   4.4575853e+00
   1.9951250e+00
   2.1058728e+00
   1.3372633e+00
   1.1542208e+00
   4.1306200e+00
   2.2550492e+00
   4.7879578e+00
   4.0212828e+00
   3.8845824e+00
   4.9562625e+00
   4.0943030e+00
   1.5288952e+00
   1.6978073e+00
   2.4451554e+00
   4.4484725e+00
   4.5686232e+00
   4.2231740e+00
   1.4621650e+00
   4.0655904e+00
   3.6009939e+00
   2.2227389e+00
   3.1858974e+00
   5.0491304e+00
   3.0362063e+00
   3.3913155e+00
   2.0967144e+00
   3.1792138e+00
   2.6673629e+00
   4.1660812e+00
   1.6883098e+00
   1.6626976e+00
   4.4217291e+00
   4.0546704e+00
   4.5291225e+00
   4.4550893e+00
   4.4248601e+00
   2.9600401e+00
   1.1742204e+00
   2.5648584e+00
   3.5973374e+00
   3.4214786e+00
   2.2638286e+00
   4.6507270e+00
   2.7272486e+00
   4.2477944e+00
   4.2597698e+00
   4.2624897e+00
   3.5086660e+00
   2.5076546e+00
   1.3530323e+00
   1.6381617e+00
   1.8011831e+00
   3.3233347e+00
   2.3381823e+00
   1.7060020e+00
   4.8531486e+00
   8.8593429e-01
   2.6011426e+00
   1.5667654e+00
   1.8710617e+00
   3.8696815e+00
   2.0351351e+00
   2.0650811e+00
   2.2104053e+00
   1.9009385e+00
   4.4072463e+00
   4.3778806e+00
   3.5598753e+00
   4.4231772e+00
   3.4444349e+00
   2.1633931e+00
   1.7103392e+00
   1.9932839e+00
   2.0526786e+00
   3.8781333e+00
   4.6202173e+00
   2.2539235e+00
   1.8111122e+00
   1.1108528e+00
   1.3954595e+00
   2.4348612e+00
   4.2426969e+00
   3.9549318e+00
   3.3904513e+00
   1.9609616e+00
   2.6831958e+00
   1.8199515e+00
   4.3773877e+00
   3.0582085e+00
   4.4515161e+00
   2.0994297e+00
   3.8630871e+00
   5.0662428e+00
   3.6916695e+00
   4.4998576e+00
   3.1790948e+00
   2.3415032e+00
   2.1319719e+00
   3.7435745e+00
   4.2750981e+00
   3.2526765e+00
   3.3158808e+00
   3.7458128e+00
   1.7743873e+00
   4.3010697e+00
   3.7253816e+00
   4.7239280e+00
   2.6211729e+00
   2.4425653e+00
   1.8079507e+00
   4.5021878e+00
   3.0712845e+00
   3.4298778e+00
   3.1852982e+00
   1.2401874e+00
   3.3454694e+00
   1.3756473e+00
   3.5833832e+00
   9.1999447e-01
   5.8118062e+00
   2.1682910e+00
   3.4279610e+00
   3.1687720e+00
   1.6085055e+00
   2.2475124e+00
   1.5672412e+00
   3.8140581e+00
   2.8753094e+00
   2.0162144e+00
   1.6279439e+00
   3.9293478e+00
   1.3668144e+00
   2.0791046e+00
   4.6479661e+00
   4.6862226e+00
   1.4537570e+00
   1.9220258e+00
   2.0390790e+00
   3.2637077e+00
   2.0105360e+00
   3.6612048e+00
   3.5572634e+00
   1.5354253e+00
   2.1022976e+00
   3.9590263e+00
   4.0020908e+00
   3.3978079e+00
   1.7715914e+00
   2.6800845e+00
   4.0620917e+00
   3.1118261e+00
   3.5126548e+00
   4.1581243e+00
   3.0871346e+00
   3.4831120e+00
   3.0162059e+00
   1.0106443e+00
   3.5267838e+00
   3.1767009e+00
   3.6729440e+00
   1.3740705e+00
   3.2779010e+00
   1.7577194e+00
   2.6428708e+00
   4.8021677e+00
   1.9590134e+00
   2.9864756e+00
   4.0134474e+00
   2.6148131e+00
   1.8295447e+00
   9.5212575e-01
   3.8300167e+00
   3.0835403e+00
   1.9461036e+00
   2.3567630e+00
   2.2109215e+00
   4.5877173e+00
   3.5626296e+00
   1.1954165e+00
   1.9289777e+00
   3.1421229e+00
   2.1134371e+00
   3.1803389e+00
   1.7663119e+00
   3.5944680e+00
   5.0003787e+00
   4.6451149e+00
   1.8106493e+00
   2.9922456e+00
   4.3962047e+00
   1.0356777e+00
   1.6958338e+00
   3.2220003e+00
   4.6797667e+00
   4.0028790e+00
   3.9709952e+00
   3.6101862e+00
   1.2553420e+00
   4.1976315e+00
   4.1138063e+00
   2.3248380e+00
   1.1439557e+00
   2.4381200e+00
   2.6066210e+00
   2.2164786e+00
   9.6630331e-01
   4.2242630e+00
   2.8877412e+00
   3.7507306e+00
   3.6906251e+00
   3.8341355e+00
   3.5506874e+00
   3.2141292e+00
   1.7673868e+00
   3.2384353e+00
   2.1671592e+00
   2.2222276e+00
   4.0841755e+00
   4.8572460e+00
   8.9596453e-01
   4.4081738e+00
   3.4055752e+00
   1.9348823e+00
   3.3876845e+00
   2.1598703e+00
   1.2604921e+00
   2.7338867e+00
   2.7650376e+00
   2.5040102e+00
   1.5810774e+00
   4.3223870e+00
   2.2606568e+00
   4.8449112e+00
   4.5350424e+00
   3.2743242e+00
   2.0789007e+00
   3.9655397e+00
   4.3871943e+00
   4.3381403e+00
   3.7366301e+00
   3.0391317e+00
   2.7392874e+00
   1.9754358e+00
   2.3899730e+00
   2.4782698e+00
   8.9122422e-01
   3.6529432e+00
   3.5761183e+00
   1.5264599e+00
   1.7809259e+00
   2.1821047e+00
   4.3944928e+00
   3.9155615e+00
   2.7762257e+00
   4.9658083e+00
   4.0626126e+00
   3.1390173e+00
   4.1579117e+00
   3.3527351e+00
   2.3623927e+00
   3.7635026e+00
   2.5023703e+00
   3.6625127e+00
   4.0354789e+00
   4.4846233e+00
   1.3525775e+00
   2.5247068e+00
   4.8909491e+00
   3.9717081e+00
   1.7938132e+00
   2.0060973e+00
   2.5115692e+00
   3.5705367e+00
   3.7846436e+00
   3.1018610e+00
   4.8589819e+00
   4.6023043e+00
   2.0971274e+00
   1.2905974e+00
   2.6949471e+00
   3.7172647e+00
   4.0090044e+00
   1.2669783e+00
   1.6542138e+00
   3.6718186e+00
   4.0452329e+00
   4.5594470e+00
   3.1477884e+00
   2.1936481e+00
   1.9040446e+00
   4.5183443e+00
   2.0447107e+00
   4.6890934e+00
   4.1878400e+00
   2.9379321e+00
   3.1964047e+00
   3.9752639e+00
   4.2569012e+00
   1.3812911e+00
   4.5324415e+00
   6.3475921e-01
   3.7600223e+00
   2.7582964e+00
   1.3595458e+00
   1.6724613e+00
   3.7426103e+00
   2.2687878e+00
   2.5563515e+00
   4.4148015e+00
   1.6541868e+00
   4.0361580e+00
   1.2772412e+00
   2.6174360e+00
   1.4150188e+00
   1.1780563e+00
   3.9650440e+00
   4.2509816e+00
   3.3474897e+00
   5.3026535e+00
   3.9902529e+00
   2.5830015e+00
   7.6760093e-01
   8.6232102e-01
   1.7016847e+00
   3.5983408e+00
   1.4220225e+00
   1.4528002e+00
   1.5825323e+00
   1.8263482e+00
   2.4757789e+00
   4.6467249e+00
   2.9894343e+00
   1.1657513e+00
   2.3345426e+00
   2.7869340e+00
   5.0701605e+00
   1.0194411e+00
   2.4356356e+00
   3.7275035e+00
   2.6622207e+00
   5.0006405e+00
   5.1971067e+00
   3.4786807e+00
   3.2229167e+00
   4.4398783e+00
   4.6285940e+00
   1.1902156e+00
   2.0622557e+00
   4.1824091e+00
   4.7431541e+00
   1.1250540e+00
   3.9698198e+00
   2.1172533e+00
   3.4089999e+00
   2.9388282e+00
   3.9008251e+00
   2.8618461e+00
   1.7867627e+00
   2.2821858e+00
   3.7024775e+00
   2.3298485e+00
   1.8525994e+00
   1.7636549e+00
   1.2295815e+00
   4.2660043e+00
   2.2920439e+00
   2.5028335e+00
   2.1481556e+00
   4.0124407e+00
   2.8135038e+00
   3.2156244e+00
   9.0492070e-01
   3.7307778e+00
   1.7245642e+00
   3.4760484e+00
   2.8465327e+00
   4.6806776e+00
   1.1212021e+00
   4.2575979e+00
   1.7516108e+00
   2.3601077e+00
   3.2082424e+00
   3.7076156e+00
   2.8033622e+00
   3.0498588e+00
   1.9852719e+00
   2.1384496e+00
   4.1279880e+00
   2.4330406e+00
   3.1177760e+00
   3.8839190e+00
   1.3497917e+00
   3.7178290e+00
   2.7399179e+00
   4.9545502e+00
   4.1943714e+00
   3.9580547e+00
   4.5459073e+00
   3.8480070e+00
   4.8768555e+00
   4.5620214e+00
   3.2633998e+00
   3.5747648e+00
   2.6283104e+00
   2.5487980e+00
   3.6070638e+00
   1.8973274e+00
   2.7304688e+00
   3.7521647e+00
   3.7984292e+00
   3.4903011e+00
   3.3176779e+00
   5.1189193e+00
   4.8192826e+00
   4.0382185e+00
   2.8260827e+00
   1.5577127e+00
   1.2721912e+00
   3.8645076e+00
   5.0979970e+00
   4.7730623e+00
   3.2506519e+00
   2.0639613e+00
   1.2651420e+00
   4.7363103e+00
   1.4149341e+00
   1.4348145e+00
   4.0923335e+00
   1.3758967e+00
   3.5627505e+00
   2.6469111e+00
   3.5203790e+00
   3.7451798e+00
   4.3931004e+00
   3.8688421e+00
   3.0405680e+00
   4.7563229e+00
   4.1809705e+00
   4.2871381e+00
   2.7982837e+00
   2.5957359e+00
   4.3437613e+00
   4.5133239e+00
   2.3523627e+00
   3.7010871e+00
   2.6920351e+00
   3.1363579e+00
   1.5613697e+00
   1.3880849e+00
   3.5518758e+00
   1.8053869e+00
   1.9245050e+00
   3.3335711e+00
   1.9626156e+00
   1.4827592e+00
   2.6696488e+00
   4.2046437e+00
   2.9173990e+00
   1.4594785e+00
   5.1374499e+00
   2.1898613e+00
   1.5621902e+00
   1.7547094e+00
   3.8258029e+00
   3.2347017e+00
   1.0963830e+00
   1.0605662e+00
   1.2874345e+00
   2.0841475e+00
   2.0873614e+00
   1.2005351e+00
   3.8598760e+00
   1.6436685e+00
   2.3962449e+00
   3.8024782e+00
   2.5908999e+00
   3.3706126e+00
   1.2041426e+00
   1.8068122e+00
   2.4044266e+00
   3.5470075e+00
   1.0426679e+00
   2.2395900e+00
   1.5721015e+00
   4.5784970e+00
   3.4777362e+00
   1.6740585e+00
   1.6321779e+00
   3.1499149e+00
   3.0648946e+00
   2.1319792e+00
   4.5052910e+00
   3.1044318e+00
   2.5700332e+00
   1.8142890e+00
   1.6535753e+00
   4.1074113e+00
   4.0912896e+00
   4.1132656e+00
   5.0169311e+00
   2.7166109e+00
   5.1007506e+00
   3.9225392e+00
   1.7389641e+00
   4.6054869e+00
   1.0375775e+00
   2.8793584e+00
   3.9731818e+00
   2.9600755e+00
   3.3478842e+00
   2.0586519e+00
   2.3229423e+00
   2.7664629e+00
   2.9176260e+00
   1.8017898e+00
   2.2565418e+00
   2.3578010e+00
   4.1230421e+00
   2.5696901e+00
   1.7325297e+00
   3.7393682e+00
   4.3612609e+00
   3.7685937e+00
   2.1669752e+00
   5.2888317e+00
   3.9034472e+00
   1.0925036e+00
   3.3879803e+00
   4.2766905e+00
   4.0669886e+00
   4.1734662e+00
   5.1626131e+00
   2.2164491e+00
   2.9506998e+00
   4.2603814e+00
   4.0095776e+00
   4.5558422e+00
   2.2633212e+00
   4.0538110e+00
   1.5117368e+00
   1.5975786e+00
   4.1208068e+00
   4.1489762e+00
   2.4390171e+00
   3.0657917e+00
   4.8870459e+00
   2.5867169e+00
   4.7040850e+00
   1.6258694e+00
   3.4548870e+00
   4.1542124e+00
   2.0717846e+00
   1.7195815e+00
   1.8366069e+00
   4.1851729e+00
   1.8058017e+00
   1.0547126e+00
   3.8743952e+00
   4.6060718e+00
   2.7496958e+00
   1.6085052e+00
   3.8196256e+00
   3.1938421e+00
   3.0896255e+00
   2.2641720e+00
   3.1013577e+00
   1.4707934e+00
   2.8768028e+00
   4.3298753e+00
   1.6085314e+00
   1.6358710e+00
   3.2135391e+00
   3.5732132e+00
   4.6507724e+00
   3.0144949e+00
   1.6875195e+00
   1.6180850e+00
   2.0174019e+00
   4.1349981e+00
   3.1210404e+00
   3.4930867e+00
   1.9561323e+00
   2.5632707e+00
   4.1943070e+00
   3.8900039e+00
   4.5206966e+00
   4.6092489e+00
   2.2377561e+00
   2.3165118e+00
   1.5838581e+00
   3.9197819e+00
   1.5801248e+00
   4.2557345e+00
   3.7122378e+00
   2.0755747e+00
   2.7022621e+00
   4.5373640e+00
   2.2375517e+00
   4.6715770e+00
   2.2128744e+00
   3.0602814e+00
   3.6818114e+00
   3.2376545e+00
   4.8376036e+00
   2.2839018e+00
   4.8147882e+00
   8.8267679e-01
   4.8242148e+00
   4.5937135e+00
   3.7483545e+00
   3.5626570e+00
   4.4017175e+00
   4.3788128e+00
   1.6910587e+00
   4.5163558e+00
   1.1725849e+00
   3.5337037e+00
   3.9155197e+00
   1.5972568e+00
   2.0567031e+00
   3.6799987e+00
   3.9736875e+00
   2.0744198e+00
   2.4102031e+00
   4.2103270e+00
   1.4126696e+00
   3.6428049e+00
   2.7849262e+00
   3.1921138e+00
   5.1344127e+00
   4.0674611e+00
   1.6060866e+00
   4.3971271e+00
   4.6569920e+00
   1.6361800e+00
   2.9645517e+00
   4.3787579e+00
   4.3745003e+00
   1.7806651e+00
   5.0789678e+00
   3.8122770e+00
   4.1224286e+00
   3.5249123e+00
   3.5720349e+00
   1.0649115e+00
   3.1205494e+00
   3.9775550e+00
   1.6797787e+00
   3.3698115e+00
   3.9067368e+00
   4.8477993e+00
   4.6515939e+00
   4.2235705e+00
   3.7069581e+00
   3.7794391e+00
   2.7650657e+00
   4.5384122e+00
   2.6642670e+00
   3.6382913e+00
   2.6195152e+00
   3.0228216e+00
   2.4168475e+00
   3.3841052e+00
   2.4149878e+00
   4.4155196e+00
   1.4691199e+00
   2.0157705e+00
   1.8621084e+00
   1.9010407e+00
   1.9305535e+00
   4.8025732e+00
   1.6832457e+00
   4.1671543e+00
   1.6467465e+00
   2.2644886e+00
   4.7646020e+00
   4.0753736e+00
   1.9835530e+00
   2.9929929e+00
   2.0582665e+00
   1.8605321e+00
   4.0511777e+00
   2.3042481e+00
   3.3077575e+00
   4.0141456e+00
   9.4627214e-01
   4.3373027e+00
   3.9764478e+00
   4.1441370e+00
   4.0094354e+00
   2.2061918e+00
   2.7516826e+00
   2.5677256e+00
   1.4335087e+00
   2.7180475e+00
   3.2529750e+00
   2.9479221e+00
   3.0834524e+00
   1.3636851e+00
   1.0714915e+00
   3.5119814e+00
   3.9986686e+00
   3.6634792e+00
   3.0100152e+00
   3.2203748e+00
   3.9496521e+00
   2.4266416e+00
   4.7053800e+00
   2.2770941e+00
   5.1745973e+00
   3.2333295e+00
   3.9196149e+00
   2.7437033e+00
   2.5439225e+00
   3.4327618e+00
   4.0673920e+00
   4.6420562e+00
   2.3059706e+00
   2.9016970e+00
   3.8981362e+00
   3.5890856e+00
   4.3767471e+00
   2.2247733e+00
   2.5210206e+00
   4.2352662e+00
   3.6801558e+00
   1.4513568e+00
   1.3080032e+00
   3.8937916e+00
   2.8435588e+00
   2.1072041e+00
   2.3272407e+00
   2.4069833e+00
   4.3459525e+00
   3.4887642e+00
   2.5859051e+00
   3.9979291e+00
   4.5208556e+00
   1.7766748e+00
   4.0237203e+00
   1.9675254e+00
   4.4217755e+00
   1.8177399e+00
   1.8663216e+00
   3.5454629e+00
   3.3464553e+00
   2.2933107e+00
   4.4210982e+00
   4.9226662e+00
   4.7791028e+00
   4.0458620e+00
   4.0105059e+00
   4.3194286e+00
   4.4173651e+00
   2.5411610e+00
   1.5626006e+00
   3.0103170e+00
   2.3167203e+00
   3.7240431e+00
   9.5175657e-01
   2.5477105e+00
   2.9805352e+00
   2.1293232e+00
   4.6219179e+00
   2.7847666e+00
   2.7628269e+00
   1.3044413e+00
   2.3594853e+00
   2.7975780e+00
   3.9427572e+00
   2.0239115e+00
   2.3563401e+00
   1.2329908e+00
   4.5100343e+00
   2.9167911e+00
   9.6450354e-01
   3.5988899e+00
   3.2542118e+00
   2.8740099e+00
   1.5925675e+00
   1.9624478e+00
   1.8908823e+00
   2.3054308e+00
   1.8254294e+00
   2.6030019e+00
   1.2017626e+00
   4.5894360e+00
   1.7105032e+00
   4.3025280e+00
   3.5678361e+00
   8.6883941e-01
   3.4380254e+00
   1.0529652e+00
   4.1231440e+00
   2.7700478e+00
   3.9554512e+00
   1.7230645e+00
   1.8905086e+00
   4.8879909e+00
   1.5888101e+00
   1.0494646e+00
   4.3586881e+00
   1.0603613e+00
   4.1936575e+00
   2.6255964e+00
   2.8275150e+00
   1.5930428e+00
   4.4479957e+00
   4.3639125e+00
   3.8013291e+00
   4.0118224e+00
   3.8940149e+00
   3.1827180e+00
   4.1361981e+00
   3.4094551e+00
   1.0549975e+00
   3.5347274e+00
   4.0651220e+00
   1.7562064e+00
   3.4794196e+00
   1.1195440e+00
   1.2304983e+00
   4.5260006e+00
   3.9138027e+00
   4.9804480e+00
   2.6159798e+00
   3.1332392e+00
   3.5757526e+00
   4.2755284e+00
   2.6943518e+00
   2.2418708e+00
   1.2957223e+00
   5.0249624e+00
   3.4579589e+00
   4.1220547e+00
   3.4167323e+00
   2.1556103e+00
   2.1026678e+00
   3.5145053e+00
   4.6082415e+00
   1.4427013e+00
   1.7954563e+00
   4.4810404e+00
   1.4974520e+00
   3.6944368e+00
   2.4270916e+00
   2.3439591e+00
   1.4676288e+00
   2.6956302e+00
   1.4198113e+00
   1.3714129e+00
   9.8749138e-01
   3.2415468e+00
   3.1252004e+00
   1.8343308e+00
   3.7459950e+00
   5.2341244e+00
   4.2811141e+00
   3.0972478e+00
   1.1458243e+00
   4.2728357e+00
   2.7097987e+00
   2.7344287e+00
   1.6194268e+00
   3.1193563e+00
   1.6042368e+00
   8.8739017e-01
   2.0684522e+00
   1.3060902e+00
   4.1793411e+00
   3.6786696e+00
   3.9438403e+00
   4.0654698e+00
   1.8027353e+00
   4.3452296e+00
   3.8354797e+00
   1.0392527e+00
   2.6884346e+00
   1.9651221e+00
   3.1696204e+00
   4.3310421e+00
   1.5160300e+00
   3.9264968e+00
   1.9414964e+00
   3.9146562e+00
   4.4486667e+00
   4.4765409e+00
   4.4457065e+00
   4.0453183e+00
   2.8431676e+00
   1.8685114e+00
   1.6798377e+00
   3.7191041e+00
   3.5493728e+00
   1.2022514e+00
   1.7554043e+00
   2.2232323e+00
   1.9891665e+00
   2.0802696e+00
   2.9787706e+00
   4.5400830e+00
   1.3415718e+00
   3.1499459e+00
   4.1370714e+00
   2.8112004e+00
   3.8388520e+00
   3.3803929e+00
   1.7384071e+00
   6.8039266e-01
   2.6463531e+00
   2.5861632e+00
   2.8597207e+00
   2.9350579e+00
   4.1706281e+00
   3.4654801e+00
   3.8062460e+00
   2.2114804e+00
   3.7888779e+00
   3.0729477e+00
   2.0452315e+00
   1.6502753e+00
   3.4493593e+00
   2.3180755e+00
   3.3340351e+00
   1.7970816e+00
   2.7611773e+00
   3.7886411e+00
   3.0871862e+00
   1.8961539e+00
   3.1486896e+00
   2.8662451e+00
   3.4114843e+00
   2.1458111e+00
   1.4202244e+00
   2.4081355e+00
   3.1539035e+00
   2.5688163e+00
   2.0381887e+00
   4.9743869e+00
   2.0732615e+00
   3.6506357e+00
   3.3419478e+00
   4.4026368e+00
   1.8736674e+00
   4.4621119e+00
   3.4486561e+00
   3.6828369e+00
   3.0034357e+00
   3.3427271e+00
   4.2195460e+00
   1.5146540e+00
   3.8182658e+00
   1.6328924e+00
   1.8749830e+00
   5.0406247e+00
   3.0618023e+00
   3.3546835e+00
   4.3379347e+00
   5.1410137e+00
   2.7926291e+00
   1.8772489e+00
   3.3090049e+00
   2.3753017e+00
   4.3973029e+00
   3.1081535e+00
   3.7994582e+00
   2.6197988e+00
   4.4332325e+00
   4.6642197e+00
   3.4776827e+00
   2.2724097e+00
   3.7277480e+00
   2.5700952e+00
   4.5656188e+00
   3.3246685e+00
   1.5013776e+00
   2.0029916e+00
   1.5868343e+00
   4.3228555e+00
   1.8899474e+00
   8.4317273e-01
   8.2998892e-01
   3.0487458e+00
   6.9357411e-01
   2.0556921e+00
   3.3086172e+00
   4.3647779e+00
   4.2456857e+00
   1.0352667e+00
   3.5482401e+00
   4.8780529e+00
   4.1434780e+00
   1.8247356e+00
   3.0547592e+00
   3.8199736e+00
   3.1815857e+00
   2.7419191e+00
   2.4022664e+00
   5.0455081e+00
   4.0590138e+00
   4.5068100e+00
   2.4020192e+00
   1.8256563e+00
   3.6345887e+00
   3.5415678e+00
   8.7368544e-01
   4.8198371e+00
   1.5774009e+00
   1.1724657e+00
   3.7473473e+00
   2.3461962e+00
   3.7908527e+00
   1.1246400e+00
   4.1451899e+00
   2.2720588e+00
   3.9395088e+00
   1.9333715e+00
   1.7446827e+00
   2.9908428e+00
   2.6334398e+00
   1.9027225e+00
   3.6270865e+00
   5.1680040e+00
   1.3357058e+00
   2.9799869e+00
   4.5265995e+00
   3.4236328e+00
   1.9089017e+00
   4.3495830e+00
   3.6734230e+00
   4.2366427e+00
   1.9223613e+00
   2.5750024e+00
   4.2669538e+00
   3.9884686e+00
   3.3063619e+00
   3.5090677e+00
   2.7205214e+00
   2.5504145e+00
   3.0785386e+00
   2.2769810e+00
   3.6805853e+00
   2.8787780e+00
   3.3690575e+00
   3.8686401e+00
   1.9489608e+00
   2.8120760e+00
   3.4043893e+00
   3.5257857e+00
   1.9305273e+00
   3.2350459e+00
   1.2800145e+00
   1.1769966e+00
   3.2783405e+00
   4.0965279e+00
   4.7681193e+00
   1.2528999e+00
   4.0040727e+00
   4.5606771e+00
   4.4053887e+00
   1.7362893e+00
   1.8485754e+00
   4.0301354e+00
   3.4798440e+00
   3.1103618e+00
   3.4105051e+00
   2.9236756e+00
   2.5155244e+00
   3.1469802e+00
   4.4915491e+00
   2.2049211e+00
   1.9884658e+00
   1.6959936e+00
   2.1277717e+00
   1.9011552e+00
   3.4221480e+00
   9.0233403e-01
   3.5239094e+00
   1.1403548e+00
   3.7310526e+00
   3.3162407e+00
   3.5116078e+00
   3.4286760e+00
   8.8877835e-01
   3.8978543e+00
   3.8057063e+00
   1.1926625e+00
   3.2321646e+00
   2.6372105e+00
   2.3780854e+00
   1.5560626e+00
   1.7364839e+00
   3.9531288e+00
   4.4685347e+00
   3.9505867e+00
   1.9127451e+00
   2.2001360e+00
   4.9443504e+00
   8.6552455e-01
   2.6277841e+00
   1.7704783e+00
   2.6106017e+00
   1.9977138e+00
   2.1972593e+00
   4.2427941e+00
   2.0261667e+00
   3.7375701e+00
   2.4159563e+00
   1.2315550e+00
   4.4840594e+00
   4.4785309e+00
   2.7681086e+00
   4.0333582e+00
   3.0123795e+00
   1.0105665e+00
   2.0875560e+00
   2.8972952e+00
   2.6577958e+00
   3.7351159e+00
   1.0559491e+00
   4.3788484e+00
   2.9836632e+00
   2.5258842e+00
   2.6987409e+00
   2.5976251e+00
   1.7873157e+00
   4.4993443e+00
   3.0758550e+00
   3.1925305e+00
   1.3174537e+00
   1.9738134e+00
   3.2520879e+00
   4.2035333e+00
   3.9613661e+00
   1.3578726e+00
   2.1720842e+00
   1.9123339e+00
   2.3615465e+00
   4.5313829e+00
   1.7720335e+00
   2.5780463e+00
   1.8851297e+00
   2.1518570e+00
   3.1541966e+00
   3.9359222e+00
   2.7611429e+00
   1.6714307e+00
   2.2869701e+00
   3.2133657e+00
   3.3747809e+00
   1.8776137e+00
   2.0911083e+00
   2.3819749e+00
   2.7036497e+00
   1.9946171e+00
   8.1155016e-01
   4.4847953e+00
   4.2097708e+00
   4.3337134e+00
   2.3895011e+00
   1.6230105e+00
   4.3398914e+00
   3.6449057e+00
   3.9717536e+00
   4.0565280e+00
   1.7331416e+00
   4.7685217e+00
   4.2990010e+00
   4.0795736e+00
   2.3660100e+00
   4.3925367e+00
   2.2529265e+00
   4.8030418e+00
   4.7259030e+00
   1.6018163e+00
   2.2685391e+00
   3.5578312e+00
   1.2236832e+00
   2.2545298e+00
   1.2503654e+00
   4.2929182e+00
   4.3554552e+00
   1.1378200e+00
   1.8513976e+00
   1.7030945e+00
   1.9495015e+00
   3.1297938e+00
   1.1508448e+00
   9.9339376e-01
   1.9567584e+00
   3.7845586e+00
   1.5791528e+00
   1.8983027e+00
   2.9407729e+00
   3.3949266e+00
   5.2638045e+00
   2.0547937e+00
   2.8873618e+00
   4.8514677e+00
   1.3309191e+00
   1.0683439e+00
   3.4404630e+00
   1.4837209e+00
   2.3237407e+00
   3.9619471e+00
   7.0526281e-01
   4.0927471e+00
   2.2778297e+00
   5.0798081e+00
   2.0260908e+00
   3.4765665e+00
   3.7633707e+00
   4.7105649e+00
   4.2891128e+00
   3.2438865e+00
   2.9606422e+00
   5.4013254e+00
   3.1442124e+00
   2.0966646e+00
   1.6159126e+00
   2.1124789e+00
   2.7296141e+00
   4.9868270e+00
   2.8882645e+00
   2.9094175e+00
   1.7673527e+00
   3.9258345e+00
   4.9790552e+00
   3.1490027e+00
   4.2206636e+00
   3.8062294e+00
   4.6374239e+00
   2.1483113e+00
   2.7093631e+00
   3.4477248e+00
   1.5351187e+00
   4.4819796e+00
   3.8177653e+00
   3.6029248e+00
   2.5372879e+00
   2.6776578e+00
   4.4925332e+00
   2.5404654e+00
   5.0987429e+00
   1.5578174e+00
   3.5680652e+00
   3.4432880e+00
   9.8507834e-01
   1.9946728e+00
   4.1063198e+00
   4.2301475e+00
   1.3396784e+00
   3.1615003e+00
   4.9797675e+00
   3.5054805e+00
   3.8330745e+00
   3.0068553e+00
   2.8723492e+00
   2.5969951e+00
   2.1906852e+00
   7.9226967e-01
   1.6793758e+00
   4.9373530e+00
   2.6279899e+00
   3.9220669e+00
   1.7869032e+00
   4.5634622e+00
   4.8689428e+00
   1.6005022e+00
   2.1808081e+00
   2.9590079e+00
   3.5858475e+00
   3.2601529e+00
   3.8228718e+00
   3.9008367e+00
   2.0102431e+00
   2.1338362e+00
   2.0857140e+00
   2.4946767e+00
   4.5434911e+00
   4.1348376e+00
   1.9599706e+00
   1.8754135e+00
   2.4297526e+00
   1.1831486e+00
   8.9986789e-01
   4.7683170e+00
   4.3672701e+00
   2.1086006e+00
   3.0859300e+00
   2.9893730e+00
   4.1696878e+00
   1.5406469e+00
   1.6139918e+00
   3.9855171e+00
   3.9970815e+00
   1.6965745e+00
   2.3592618e+00
   5.2102217e+00
   2.2541328e+00
   3.4764893e+00
   1.8851943e+00
   4.8688972e+00
   1.9691292e+00
   2.7466811e+00
   4.4787259e+00
   4.4880767e+00
   3.1489338e+00
   1.1621586e+00
   4.5143038e+00
   2.0644347e+00
   2.4981327e+00
   3.7212983e+00
   3.5881698e+00
   1.5264095e+00
   2.1066969e+00
   1.8080448e+00
   4.1410425e+00
   1.7732823e+00
   2.8328967e+00
   3.4142197e+00
   2.5503150e+00
   4.0019061e+00
   4.5349044e+00
   3.3355223e+00
   3.9540172e+00
   3.7542859e+00
   2.4580711e+00
   1.6259329e+00
   3.9600970e+00
   4.0323534e+00
   1.7759763e+00
   2.7594455e+00
   2.1032977e+00
   2.4716790e+00
   1.2877273e+00
   1.1401207e+00
   1.7012059e+00
   2.5046700e+00
   1.3484747e+00
   1.2112023e+00
   3.4804725e+00
   1.7143171e+00
   1.0314210e+00
   4.3727211e+00
   1.8750330e+00
   2.1312670e+00
   2.3855634e+00
   1.8993121e+00
   1.8517618e+00
   3.1542408e+00
   4.9218452e+00
   2.0348134e+00
   2.1434129e+00
   2.6455801e+00
   2.2716689e+00
   3.4956808e+00
   2.7549731e+00
   1.1930214e+00
   2.5212642e+00
   4.2475516e+00
   4.7282113e+00
   3.6169322e+00
   4.6478490e+00
   2.6006694e+00
   2.3765086e+00
   1.2638021e+00
   1.3592888e+00
   2.2909977e+00
   3.9162735e+00
   1.3514289e+00
   4.4653960e+00
   3.9098447e+00
   3.5389938e+00
   2.3777079e+00
   1.0983188e+00
   3.4626647e+00
   3.5329052e+00
   2.2888801e+00
   2.9578382e+00
   3.8134930e+00
   4.3076482e+00
   4.5474479e+00
   1.0468319e+00
   4.2217397e+00
   4.2973016e+00
   4.7035091e+00
   4.0672742e+00
   3.8372410e+00
   3.7975892e+00
   5.0827509e+00
   3.4509561e+00
   2.7263180e+00
   1.4708427e+00
   2.8848027e+00
   2.1751143e+00
   5.1928578e+00
   4.9066054e+00
   4.0397447e+00
   4.3301403e+00
   2.0215428e+00
   4.2599474e+00
   1.8284852e+00
   4.8637149e+00
   3.1802369e+00
   4.8083059e+00
   2.6762703e+00
   4.1736864e+00
   3.3161028e+00
   3.5934699e+00
   3.9943023e+00
   3.2412047e+00
   1.9789447e+00
   2.3718075e+00
   3.8442575e+00
   4.2345252e+00
   4.6652121e+00
   2.3268900e+00
   3.9024694e+00
   8.6775089e-01
   3.6722030e+00
   2.4419989e+00
   3.5449352e+00
   4.4424988e+00
   1.8711488e+00
   4.0197411e+00
   2.3070567e+00
   2.4220136e+00
   3.3383843e+00
   3.9885828e+00
   4.3361547e+00
   3.2284880e+00
   4.3173524e+00
   4.9927557e+00
   4.3564636e+00
   3.5132622e+00
   3.4091115e+00
   9.3930092e-01
   1.2619736e+00
   1.5581848e+00
   1.3759693e+00
   4.2638777e+00
   3.6743345e+00
   1.5249795e+00
   3.9129383e+00
   2.5122566e+00
   3.9505670e+00
   1.0363859e+00
   4.1924021e+00
   3.5580047e+00
   3.5144670e+00
   2.2887230e+00
   1.7903993e+00
   1.5538673e+00
   1.9937428e+00
   1.3222124e+00
   3.6177514e+00
   2.8518323e+00
   2.2353092e+00
   4.9336092e+00
   4.4563742e+00
   2.2587031e+00
   5.8995388e-01
   3.6490449e+00
   4.5225329e+00
   3.3048733e+00
   4.3916074e+00
   4.8641492e+00
   1.6452446e+00
   2.2735439e+00
   1.9888877e+00
   1.8543822e+00
   1.3498142e+00
   3.6091592e+00
   4.4803310e+00
   3.7030326e+00
   1.7339787e+00
   1.2829268e+00
   3.8782446e+00
   3.5211198e+00
   3.7992938e+00
   4.8112205e+00
   3.4976579e+00
   2.1608497e+00
   1.3457768e+00
   4.0937790e+00
   4.2901492e+00
   2.9278657e+00
   4.1535370e+00
   1.4187518e+00
   1.7660610e+00
   4.2351312e+00
   1.9343187e+00
   4.7646152e+00
   8.9757596e-01
   3.2656346e+00
   2.2099933e+00
   2.1572283e+00
   3.8161739e+00
   3.4288240e+00
   2.1217752e+00
   2.3776117e+00
   3.2639246e+00
   2.7846203e+00
   1.5147394e+00
   3.3575248e+00
   2.2310490e+00
   3.6138357e+00
   4.9042102e+00
   1.9543957e+00
   2.6720369e+00
   2.3552933e+00
   2.7835852e+00
   1.5540712e+00
   2.7442709e+00
   3.9965574e+00
   4.1907595e+00
   1.7080959e+00
   1.9400067e+00
   2.0267268e+00
   4.7847080e+00
   4.1560916e+00
   1.9967583e+00
   4.1508614e+00
   4.7778745e+00
   4.0491188e+00
   2.7538824e+00
   2.1289167e+00
   3.7034905e+00
   2.2036335e+00
   3.9008530e+00
   5.0341161e+00
   1.7326941e+00
   4.0788302e+00
   3.9377919e+00
   2.7283953e+00
   4.2493872e+00
   3.4221757e+00
   1.9478376e+00
   2.3409895e+00
   2.5302873e+00
   2.2082187e+00
   3.3441929e+00
   4.2507457e+00
   1.5619950e+00
   4.4916419e+00
   4.4912951e+00
   1.8800574e+00
   2.1268200e+00
   5.2841043e+00
   2.6153512e+00
   1.3569508e+00
   1.5987247e+00
   1.6163398e+00
   1.9922558e+00
   3.5882278e+00
   1.9791496e+00
   2.2817148e+00
   4.2165103e+00
   4.8893779e+00
   3.6906708e+00
   2.3432086e+00
   1.5430604e+00
   3.3958343e+00
   3.4998687e+00
   1.0657040e+00
   1.4053262e+00
   3.4719532e+00
   3.4751777e+00
   2.1905833e+00
   4.5603756e+00
   3.9465097e+00
   2.6178163e+00
   2.4885511e+00
   3.3773293e+00
   4.8176697e+00
   2.8871798e+00
   1.7931243e+00
   1.9542539e+00
   3.6405092e+00
   4.2913548e+00
   1.0385291e+00
   4.2820816e+00
   3.7068214e+00
   4.5969987e+00
   4.5689860e+00
   3.2612038e+00
   4.1002304e+00
   5.5100792e+00
   1.6347388e+00
   4.4517228e+00
   1.7504528e+00
   4.1194920e+00
   9.8091192e-01
   3.9069437e+00
   1.2288106e+00
   4.5422742e+00
   4.2894828e+00
   5.1418463e+00
   9.4151621e-01
   4.4601985e+00
   4.8585827e+00
   2.4824767e+00
   3.3027074e+00
   3.1879806e+00
   4.5332042e+00
   3.6867565e+00
   2.8990941e+00
   1.1498240e+00
   1.4688835e+00
   4.3788299e+00
   1.9770113e+00
   3.8933662e+00
   1.3828137e+00
   2.1814869e+00
   1.5324308e+00
   2.5079025e+00
   1.7650977e+00
   1.4808662e+00
   1.2176679e+00
   4.0177827e+00
   1.9579695e+00
   2.4571338e+00
   3.4222111e+00
   8.8504362e-01
   2.3356204e+00
   2.4379042e+00
   1.8891139e+00
   2.3740085e+00
   4.7364002e+00
   2.7785226e+00
   2.2953396e+00
   1.9923385e+00
   4.1298235e+00
   2.1597728e+00
   1.8299277e+00
   2.8144789e+00
   2.2241078e+00
   1.8762402e+00
   4.2020595e+00
   1.3925081e+00
   3.1625173e+00
   2.2146762e+00
   1.9918628e+00
   4.6681777e+00
   2.4430289e+00
   2.2749699e+00
   3.7288775e+00
   4.2971502e+00
   1.8345373e+00
   2.1752515e+00
   1.5554382e+00
   4.3989035e+00
   3.3332551e+00
   4.3263282e+00
   1.9229582e+00
   2.2520399e+00
   4.7248720e+00
   3.1521830e+00
   4.0479005e+00
   3.5268094e+00
   4.4896666e+00
   2.2860019e+00
   2.3753629e+00
   2.0635492e+00
   3.8130623e+00
   2.3510966e+00
   3.9151638e+00
   4.0361807e+00
   4.5517158e+00
   2.5753907e+00
   2.6540932e+00
   2.5306757e+00
   2.4178832e+00
   4.9661712e+00
   3.4311012e+00
   1.3482852e+00
   4.6932643e+00
   2.6839130e+00
   3.4096095e+00
   5.0202761e+00
   2.7576955e+00
   3.0773570e+00
   2.9012406e+00
   3.6635973e+00
   4.8337422e+00
   4.3000196e+00
   4.5675707e+00
   1.1758533e+00
   1.3032174e+00
   2.1110191e+00
   2.5200836e+00
   4.4323773e+00
   3.6331353e+00
   4.9611236e+00
   1.3085291e+00
   2.0608517e+00
   3.2376529e+00
   4.0616129e+00
   4.6331306e+00
   4.3584393e+00
   2.1094034e+00
   2.3334991e+00
   3.0361404e+00
   4.7197601e+00
   2.4135854e+00
   2.6297415e+00
   4.1628404e+00
   3.1139146e+00
   2.8442409e+00
   4.4074452e+00
   1.4625516e+00
   3.4390818e+00
   8.7446956e-01
   4.7609304e+00
   4.8000702e+00
   2.8595716e+00
   3.6374792e+00
   2.2451717e+00
   4.2473269e+00
   4.2465046e+00
   3.7581571e+00
   1.4856685e+00
   3.3755248e+00
   5.4139077e+00
   7.3057682e-01
   3.7335441e+00
   1.7245907e+00
   9.5148723e-01
   4.4579529e+00
   3.9036735e+00
   3.7898618e+00
   2.0039091e+00
   5.1959103e+00
   4.6342221e+00
   3.5120937e+00
   2.4231955e+00
   3.7086043e+00
   2.1868256e+00
   4.1350088e+00
   3.5646150e+00
   2.0701359e+00
   4.0999313e+00
   1.7121937e+00
   2.3526344e+00
   2.1951390e+00
   1.2952714e+00
   4.3754240e+00
   4.7828919e+00
   4.3890997e+00
   3.7989936e+00
   1.1633079e+00
   2.2407768e+00
   1.6426039e+00
   1.7699849e+00
   2.4068124e+00
   4.4670193e+00
   3.2069924e+00
   3.5654536e+00
   4.7560025e+00
   4.8452292e+00
   1.5243945e+00
   3.9610333e+00
   1.9172333e+00
   1.7364331e+00
   2.7919418e+00
   3.9814724e+00
   4.4938215e+00
   4.5637959e+00
   2.0308938e+00
   4.0458385e+00
   1.3820884e+00
   4.4236577e+00
   3.4485792e+00
   1.6849933e+00
   3.8681301e+00
   1.4253889e+00
   3.4764207e+00
   2.1375983e+00
   4.7007146e+00
   4.1335441e+00
   3.7512373e+00
   2.5176694e+00
   2.1639922e+00
   4.0548994e+00
   1.0388606e+00
   4.6394797e+00
   2.1814531e+00
   4.1230080e+00
   3.5097924e+00
   4.6469019e+00
   2.7296401e+00
   3.8141827e+00
   2.2933076e+00
   1.4449922e+00
   1.9193362e+00
   3.0580394e+00
   2.7433638e+00
   1.2658529e+00
   4.0507474e+00
   4.7478369e+00
   2.4924265e+00
   2.1630656e+00
   3.6859373e+00
   3.8529368e+00
   2.5058614e+00
   2.0038172e+00
   1.9811530e+00
   2.9571000e+00
   3.0949833e+00
   3.0588194e+00
   1.1256597e+00
   3.3717601e+00
   4.6869367e+00
   4.1011297e+00
   2.1937247e+00
   4.9828748e+00
   4.1262609e+00
   4.6733147e+00
   3.9398671e+00
   4.0340076e+00
   3.2688317e+00
   1.4838528e+00
   3.3587191e+00
   2.4579683e+00
   3.4552480e+00
   4.1963297e+00
   3.3262728e+00
   4.3376124e+00
   2.6183876e+00
   3.7009621e+00
   3.6864775e+00
   1.5487205e+00
   3.1274100e+00
   4.2108316e+00
   4.6952554e+00
   2.2562383e+00
   3.8299376e+00
   2.6200465e+00
   3.0295946e+00
   1.6926719e+00
   3.2937519e+00
   3.4910706e+00
