   9.1515949e-01   5.4188392e-01
   1.2723059e-01   9.4312666e-01
   2.5468496e-01   3.7879565e-01
   1.4036319e-01   6.6412486e-01
   4.4631439e-01   8.4638786e-01
   9.4736191e-01   3.0710559e-01
   4.6749827e-02   3.2705263e-01
   6.4860159e-01   5.8938261e-01
   8.6361321e-01   5.3499515e-01
   8.8625195e-01   7.9791707e-01
   9.5545316e-01   8.3019604e-01
   9.2024628e-02   5.0067332e-01
   9.3720803e-01   4.7310675e-01
   8.9189448e-01   8.1288388e-01
   8.0973538e-01   2.2950936e-01
   4.0457604e-01   1.0374563e-01
   3.2621231e-01   7.0393005e-01
   7.4486431e-01   6.2677212e-03
   4.0408513e-01   4.9005148e-01
   3.4227235e-01   8.1969398e-01
   7.7823938e-01   9.4080799e-03
   6.9773585e-01   4.3939400e-01
   5.0753001e-01   1.9707832e-01
   3.0364244e-01   6.9349924e-01
   5.1191409e-01   7.9166541e-01
   5.0171073e-01   9.7019927e-01
   5.3057419e-01   8.7613722e-01
   4.7643606e-01   8.4207516e-03
   1.6267718e-01   1.0456744e-01
   8.2678823e-02   2.8073657e-01
   5.4218069e-02   8.1251755e-02
   1.9445885e-01   6.0299142e-01
   6.5845945e-01   7.3774796e-01
   8.6336005e-01   5.4008133e-01
   8.8317569e-01   9.3985237e-02
   4.0534416e-01   8.7203441e-01
   1.8766549e-01   2.4175068e-01
   8.3450737e-01   9.3826827e-01
   5.8020736e-01   8.1584096e-01
   4.7765128e-03   8.1566917e-01
   2.0324872e-01   7.3843133e-01
   3.7669330e-01   2.9390397e-01
   6.2092666e-01   2.3560334e-01
   6.8231561e-01   4.9209032e-01
   8.8399612e-01   1.4368634e-01
   3.8368705e-01   1.5816065e-01
   4.0596372e-01   8.7028707e-01
   7.8051884e-02   8.7439314e-01
   8.6433087e-01   7.3157916e-02
   6.7457274e-01   6.7078357e-01
   7.9796664e-01   4.5425604e-01
   2.8134666e-01   1.3490655e-01
   2.6008016e-02   4.2284502e-02
   2.4849608e-02   3.2140246e-01
   3.4059273e-02   1.5284819e-01
   5.8677811e-01   2.2399874e-01
   8.2377413e-01   3.2564247e-01
   2.0150096e-01   5.8071651e-01
   2.6368943e-01   1.1098591e-01
   2.6587541e-01   7.4389343e-02
   2.6742306e-01   1.8817141e-01
   6.8249882e-01   9.5308240e-01
   2.4680861e-01   5.8285908e-01
   5.5184208e-01   1.1739626e-01
   6.6659498e-01   8.1345267e-01
   2.5543823e-01   7.0873709e-01
   5.5711429e-01   4.1571623e-01
   9.2232914e-01   6.2569780e-01
   5.0207417e-01   8.9296931e-01
   5.3940271e-01   8.6141745e-01
   2.9297551e-01   4.1891439e-02
   1.2447137e-02   6.7468856e-01
   7.2562586e-01   2.2774532e-01
   4.6997666e-01   6.2337764e-01
   6.7135690e-01   1.7075968e-01
   5.5681900e-01   7.7773539e-01
   5.4888910e-01   9.2234458e-01
   7.5402935e-01   8.8362013e-01
   5.8703531e-01   5.3053603e-01
   5.1733992e-01   2.5514003e-01
   6.5829432e-01   1.4198045e-01
   3.5079439e-01   2.4961354e-01
   7.1575113e-01   6.0137980e-02
   8.0210556e-01   3.1842368e-01
   4.7131497e-01   8.5833674e-01
   1.5147450e-02   5.8916345e-02
   1.8577499e-01   3.3393769e-02
   9.1719324e-01   6.7444800e-01
   1.0580421e-01   6.4274709e-01
   3.4417417e-01   8.4945869e-01
   4.9138636e-01   8.7751656e-01
   4.7549379e-01   7.9659142e-01
   1.6055636e-01   5.8674586e-01
   9.9264443e-01   9.4316263e-01
   8.0962505e-01   3.1388189e-01
   9.4091056e-01   4.4834306e-01
   7.9797089e-02   1.0248608e-01
   3.8425652e-01   3.6394517e-01
   8.9910947e-01   6.9223199e-01
   7.3837856e-01   2.6384035e-01
   2.7933163e-01   7.1866819e-01
   5.5893051e-01   7.9870083e-01
   9.0380793e-01   3.8103784e-01
   8.4488768e-01   2.0565607e-01
   8.5869309e-01   2.0978506e-01
   4.8697359e-01   6.3042611e-01
   9.6465626e-01   2.6660330e-01
   6.0378644e-01   6.3257780e-01
   2.3803796e-01   2.2469988e-01
   3.6084743e-02   8.6969173e-01
   4.9180745e-01   7.6942709e-01
   3.9260384e-01   3.4530959e-01
   6.7249311e-01   8.9436090e-01
   5.4804420e-01   8.0017656e-02
   2.7911442e-01   2.1438583e-01
   6.3937699e-01   1.8293796e-01
   6.7415189e-01   3.9207945e-01
   1.2061611e-01   4.6183621e-01
   8.8504407e-01   8.7526012e-01
   9.3049992e-01   3.3171257e-01
   2.4466372e-01   7.3619951e-01
   4.0959918e-01   6.7446604e-01
   2.5114147e-01   5.6016069e-01
   3.3828919e-02   9.5850437e-01
   5.6869214e-01   4.1788850e-01
   6.6466572e-02   3.4683234e-01
   5.0878086e-01   8.3490662e-01
   9.8902911e-01   2.9363645e-01
   3.3949461e-01   2.9617473e-02
   8.5001829e-01   8.1774836e-01
   5.4340463e-01   5.8666895e-01
   3.6914551e-01   2.5030728e-01
   5.4807046e-01   5.1197775e-02
   2.0729653e-01   3.0854712e-02
   8.4903783e-01   5.7215074e-02
   2.3544936e-01   3.0078211e-01
   2.8639810e-01   6.3090068e-01
   6.7834831e-01   9.8304867e-01
   7.7830314e-01   7.3005990e-01
   6.6852454e-01   2.2090893e-01
   5.5911654e-01   2.1896635e-01
   4.6071456e-01   5.5494679e-01
   2.0857081e-02   1.8713002e-01
   8.0158775e-01   9.4450064e-01
   4.1614035e-01   9.4144043e-02
   5.0316530e-01   2.4839727e-01
   6.9368267e-02   3.6436842e-01
   3.2162159e-01   1.6884378e-01
   4.8922716e-01   7.8132260e-01
   4.0556337e-01   8.5546858e-01
   4.9418992e-01   7.2301021e-02
   3.5385956e-01   2.1750436e-01
   3.2943875e-01   7.4181688e-02
   2.6957477e-01   7.3309134e-01
   2.6255771e-01   5.8189715e-01
   9.3482461e-01   4.2052806e-01
   3.0064706e-01   3.3123841e-01
   4.2130042e-01   6.5361890e-01
   7.3103147e-01   5.3274274e-01
   5.6743035e-01   1.6065255e-01
   8.5900602e-01   6.4511302e-01
   5.5772410e-01   3.9181098e-01
   1.9137133e-01   5.9991407e-01
   4.5364683e-02   8.6476548e-01
   8.9567260e-01   3.5527637e-01
   1.7678088e-01   7.8409442e-01
   3.2108372e-01   8.4552177e-01
   1.3452756e-01   2.9049121e-01
   9.2507145e-01   5.8114153e-01
   6.6973468e-01   3.2334216e-02
   2.3662358e-01   7.5610638e-02
   1.9386873e-01   8.2763500e-01
   1.6841519e-01   3.6393931e-01
   4.0413891e-01   3.0188647e-01
   7.6075527e-01   5.4777877e-01
   9.0321376e-01   4.1389320e-01
   5.0646794e-01   7.7309266e-01
   9.1447105e-01   9.7276417e-03
   3.6910185e-01   5.1300953e-01
   6.2243500e-02   3.5096921e-01
   9.2540516e-01   9.9553790e-01
   5.2981272e-01   4.5266250e-01
   1.7443887e-02   5.7084817e-01
   8.5134087e-01   9.6699956e-01
   4.0776711e-01   5.4860807e-01
   6.7556728e-01   8.9170147e-01
   5.3608608e-01   5.6702348e-01
   9.3904688e-01   6.1235624e-01
   3.1230037e-01   8.2369221e-01
   9.1915968e-01   8.5030520e-01
   2.5024717e-01   9.3726294e-01
   2.7200081e-01   2.9072161e-01
   1.4238713e-02   8.8022198e-01
   1.4381638e-01   5.0886926e-01
   7.1286826e-01   9.0155960e-02
   5.4347691e-01   1.7944821e-02
   7.6218158e-01   8.1821051e-01
   2.3260832e-01   5.0760918e-01
   1.0320011e-01   6.9021701e-01
   4.6563838e-01   4.0399806e-01
   3.6841241e-01   2.1034808e-02
   2.2930961e-01   7.9533464e-01
   9.9055026e-01   8.8426631e-01
   1.6456907e-01   9.5913881e-01
   4.2055336e-01   7.4759342e-01
   5.6967146e-01   3.3147352e-02
   9.3440091e-01   9.5394632e-02
   4.5267385e-01   1.3123683e-01
   9.5768604e-01   6.3124850e-01
   1.6627580e-01   9.9239899e-01
   1.2869298e-01   1.7611487e-01
   3.6068169e-01   1.2308064e-01
   4.2458803e-01   3.4909262e-01
   7.1021282e-01   7.2468083e-02
   7.1116667e-01   7.7530361e-01
   8.3521375e-01   5.5032435e-01
   3.3524115e-02   6.1015532e-01
   9.0077784e-01   3.3565476e-01
   8.9661648e-01   1.8929521e-02
   2.2180209e-01   1.3705596e-01
   9.8033227e-01   6.8749331e-01
   9.1722609e-01   1.1056652e-01
   1.1005560e-01   3.4079133e-01
   4.2217569e-01   3.5261153e-01
   7.0370304e-01   3.0897066e-01
   9.2420327e-01   3.4957449e-01
   3.0749861e-01   7.4242159e-01
   1.1014652e-01   7.1184173e-01
   8.4662882e-01   6.8443252e-01
   2.0871091e-01   1.6414857e-01
   4.0065090e-01   6.6471240e-01
   6.6813564e-01   8.0964162e-01
   1.4600767e-01   3.2207405e-01
   5.7854272e-01   2.2799801e-01
   1.0782342e-01   1.1975176e-01
   9.1089427e-01   1.2533933e-01
   6.7468827e-01   6.4891906e-01
   1.6283320e-01   5.6524488e-01
   1.3852061e-01   7.9536515e-01
   6.0717643e-01   4.4148046e-01
   6.3114828e-01   3.1339858e-01
   9.7666364e-01   9.8184218e-02
   3.6204276e-01   3.2044412e-02
   1.3592969e-01   1.5597919e-01
   7.0161421e-02   3.3454123e-01
   8.3418527e-01   2.9526437e-01
   4.7123071e-03   9.3480433e-01
   9.0488672e-01   5.4759530e-01
   6.0473585e-01   9.1707930e-01
   1.4465541e-01   3.8479244e-01
   7.3777663e-01   8.1670815e-01
   3.9261931e-01   4.2336828e-01
   3.1729833e-01   7.5674123e-01
   2.7571510e-01   5.8018404e-01
   6.7411293e-01   2.0316573e-01
   8.6707220e-01   3.5136553e-01
   9.1982912e-01   3.4477524e-01
   7.4249678e-01   9.5332974e-01
   7.2472421e-01   8.0994156e-01
   6.9216985e-01   3.2696496e-01
   9.7701372e-01   9.3469205e-02
   2.8481694e-03   4.2035293e-01
   7.3547769e-01   8.8949321e-01
   1.3059136e-01   3.9464778e-01
   4.3749081e-01   7.1991115e-01
   8.3598999e-01   5.1016706e-01
   1.0411240e-01   6.5561380e-01
   5.9549340e-01   3.6350936e-01
   4.0279186e-01   7.4167298e-01
   5.4572945e-01   7.5992713e-01
   4.3438541e-01   5.2636859e-01
   5.4329997e-01   1.3044132e-01
   4.9496184e-01   7.5588358e-01
   7.2297716e-01   5.9826810e-01
   6.6966245e-01   8.7944670e-01
   8.6217296e-01   1.0299079e-01
   3.3482578e-01   8.7246776e-01
   2.7123328e-01   6.4513729e-01
   8.9337866e-01   7.9516734e-01
   8.2980559e-01   4.5982836e-01
   9.1615681e-01   3.7948223e-02
   6.8388080e-01   4.9153746e-01
   8.5166033e-04   6.2879634e-01
   3.1988315e-01   9.9081275e-01
   5.7640136e-01   4.9962663e-01
   5.8482876e-01   7.0773013e-01
   5.5672744e-01   6.6076814e-01
   6.4214030e-01   4.2471934e-01
   3.7229830e-01   1.2983258e-01
   9.2862820e-01   2.0700289e-01
   9.6775853e-01   8.7220924e-01
   3.8675617e-01   4.0523938e-01
   5.1523707e-01   1.3339783e-01
   4.8579639e-01   5.2656496e-01
   7.3189599e-01   2.3425544e-02
   3.6721085e-01   4.9954029e-01
   4.9342752e-01   6.4406510e-01
   6.8091468e-01   8.4631317e-01
   5.2856802e-01   2.5742526e-01
   8.8127334e-01   6.0014852e-02
   2.8157084e-01   6.1627478e-01
   6.1470700e-02   9.6507430e-01
   9.4691796e-01   3.4598884e-01
   9.6172285e-01   9.8666035e-01
   7.5456879e-01   5.4166967e-01
   2.6868075e-01   5.5804647e-01
   4.3445333e-01   4.6761817e-01
   4.6286831e-01   5.1734271e-01
   6.6433197e-01   4.6712382e-01
   5.2342233e-01   3.0758672e-01
   4.0294171e-01   5.0428517e-01
   3.4826160e-01   4.7584217e-01
   7.7557343e-01   3.0208612e-01
   9.1063085e-01   9.5556885e-02
   4.9326480e-01   4.8212684e-01
   2.8636989e-01   2.1074986e-03
   8.3644219e-01   8.1234210e-01
   5.4005992e-01   1.7253823e-01
   7.8379977e-01   2.7633423e-01
   3.6254453e-01   6.1746558e-01
   7.0820167e-01   4.9515522e-01
   3.7009158e-01   3.8739091e-01
   7.1315174e-01   7.2040700e-01
   3.6203741e-02   7.4256484e-01
   1.1080902e-01   2.8137114e-01
   6.7694746e-01   9.7021602e-01
   1.2220383e-01   9.0985514e-02
   8.2229588e-01   5.6905062e-01
   6.3274809e-01   8.5350687e-01
   2.9031331e-01   5.2694261e-01
   8.5913709e-01   1.7461160e-02
   4.3809138e-01   1.6757152e-01
   2.7462599e-01   5.6512236e-01
   1.5645583e-01   3.5399535e-01
   9.2421442e-01   9.5261749e-01
   7.0813898e-01   1.5209418e-01
   1.5261133e-01   9.6798686e-02
   2.5850284e-01   6.1210602e-03
   3.8931538e-01   6.4435606e-01
   8.7472866e-01   9.8628193e-01
   7.1286904e-01   1.8907118e-01
   1.7049177e-02   2.9676780e-01
   2.4609597e-01   3.9563687e-01
   3.9230752e-01   4.0290842e-01
   9.3079972e-01   6.5846713e-02
   1.1904065e-01   7.3445854e-01
   5.7186991e-01   3.8727169e-01
   6.5863883e-01   1.4689038e-01
   1.6152454e-01   5.9892608e-01
   2.8619001e-01   5.1313932e-01
   3.1545572e-01   3.9505768e-01
   6.5902615e-01   3.1185912e-01
   8.1108018e-01   3.7178969e-01
   8.1093281e-01   3.4755781e-01
   1.5330191e-01   1.1284371e-01
   4.0134732e-01   4.5258922e-01
   6.1872854e-01   9.3018679e-01
   1.4912574e-01   1.8650878e-01
   6.1885170e-01   1.5640423e-01
   3.3508454e-02   5.2133401e-01
   3.4435688e-01   2.8127702e-02
   4.7603179e-01   5.6818016e-01
   8.4663845e-01   6.0397543e-01
   9.9528888e-01   9.0836704e-01
   8.0065307e-01   9.9951455e-01
   3.6044342e-02   4.4852440e-01
   7.2583356e-01   4.3471775e-01
   2.6916111e-01   2.4997855e-01
   7.5735360e-01   9.1908876e-01
   7.6202679e-01   9.5982657e-01
   2.2027234e-01   1.5345372e-01
   7.4002155e-01   2.9697944e-01
   4.5595238e-01   6.6498979e-02
   1.9271626e-01   1.1797308e-01
   4.5369793e-01   7.8289081e-01
   3.1396071e-01   3.2806045e-01
   5.8031831e-01   5.8783090e-01
   4.9503127e-02   8.9578662e-01
   5.5017463e-01   7.7877762e-01
   1.2596319e-01   6.1324897e-01
   6.4332682e-01   4.3930811e-01
   8.3706674e-01   2.2861971e-02
   4.5682702e-01   1.2900219e-01
   3.8816618e-01   2.0970977e-01
   7.4132727e-01   2.5929103e-01
   1.1732650e-01   5.7319195e-01
   6.2492545e-02   1.0776441e-01
   4.7424427e-01   9.2765354e-01
   1.8419973e-02   8.1281700e-02
   1.0159799e-01   4.1278167e-01
   3.2693212e-01   3.1840776e-01
   4.5078473e-01   2.7653932e-01
   2.9198244e-01   1.7567047e-01
   2.9632628e-01   3.0366630e-01
   4.1185985e-01   8.1120892e-01
   4.1790860e-01   4.3796150e-01
   6.1854128e-01   4.2667547e-01
   4.0437064e-01   2.3355917e-01
   7.7640108e-01   4.7685651e-01
   4.1788884e-01   2.0305751e-01
   9.2418560e-01   3.3162537e-02
   9.5887975e-01   2.2564521e-01
   5.5096837e-01   6.0452553e-01
   9.8341289e-01   9.4953673e-01
   8.7015752e-01   9.4202354e-01
   9.2591954e-01   1.6056580e-01
   3.9321173e-01   5.9349726e-01
   9.2142351e-04   5.3183345e-01
   9.5120332e-01   3.4505412e-01
   6.1941742e-01   8.8101243e-01
   9.8580922e-02   2.2995680e-01
   4.0192892e-01   9.0677610e-01
   3.6715839e-02   8.6233676e-01
   4.6027406e-01   2.5232549e-01
   5.3478959e-01   9.0724097e-01
   4.3998011e-01   5.1027914e-01
   3.2811216e-01   5.1874665e-02
   1.5963863e-01   2.5156923e-01
   3.6329582e-01   5.9751364e-02
   9.1571702e-01   9.3907214e-01
   8.3482710e-01   4.2662738e-01
   8.2124492e-02   8.4171415e-01
   9.4111851e-01   5.8496010e-01
   7.1451008e-01   2.5731062e-01
   3.3882971e-01   8.2790527e-01
   3.7668885e-01   2.9387356e-01
   6.3269544e-01   6.8997661e-01
   2.2945784e-01   5.9497580e-01
   1.3409400e-01   3.1967831e-02
   6.6239065e-01   8.9776070e-01
   3.2041476e-01   2.3275048e-01
   1.6898416e-01   5.0401397e-01
   1.1609148e-01   4.1388804e-01
   2.9196730e-02   3.2768879e-01
   3.6858569e-01   1.8055308e-01
   7.0302539e-01   1.2426208e-01
   1.3253112e-01   7.1755630e-01
   8.6417473e-01   9.5538558e-01
   8.1840610e-01   3.9371883e-01
   6.2486378e-01   6.5315059e-01
   6.0478279e-01   6.6686881e-02
   7.3130252e-01   9.0801113e-01
   6.7740032e-01   9.3110016e-01
   5.1897425e-01   3.9687577e-01
   4.2973560e-01   2.4382845e-01
   9.0195662e-01   4.5383620e-02
   9.1454171e-01   6.9988668e-01
   2.2345966e-01   9.3788246e-01
   7.7511051e-01   2.4233919e-01
   1.6925400e-01   3.1075608e-01
   2.8041898e-01   2.9279677e-01
   6.8275076e-01   7.8400264e-01
   5.6646217e-01   4.9291523e-01
   5.9596802e-01   3.5083709e-01
   5.9556395e-01   8.7830475e-01
   7.7293901e-01   1.6400031e-01
   9.8416802e-01   9.3614965e-01
   8.4271976e-01   6.0489326e-01
   6.6663867e-02   9.7589561e-01
   6.6612998e-01   7.6032637e-01
   4.1801331e-01   1.1316582e-01
   8.3181116e-01   5.3089389e-01
   2.9443558e-01   1.0695130e-02
   5.1348867e-01   3.7201472e-02
   6.5048365e-01   7.3093366e-01
   4.0595450e-02   3.5262549e-01
   8.2978274e-01   3.5572417e-02
   7.1555281e-01   4.0682896e-01
   7.7736657e-01   5.4869331e-01
   6.0372326e-01   9.8949817e-01
   9.7662240e-01   1.2134738e-01
   8.4662602e-01   1.4489639e-01
   8.3513909e-01   4.0872613e-01
   9.2227767e-01   8.9401158e-01
   5.7763789e-01   7.7611422e-01
   1.8296599e-01   3.6515099e-01
   1.0863522e-01   7.9689474e-01
   7.7193505e-01   7.6180064e-01
   8.1066567e-01   6.3449934e-01
   8.0258693e-01   1.4517677e-01
   7.1859030e-01   1.9869416e-01
   7.9623395e-01   3.4978398e-01
   6.3877376e-01   1.2127031e-01
   5.6725923e-01   5.9435444e-01
   9.1059283e-01   6.5337709e-02
   4.2188383e-03   6.7615494e-01
   2.4679046e-01   1.7628962e-01
   1.9873153e-01   9.4042141e-01
   8.3779947e-01   9.7633326e-01
   5.7503581e-01   6.4745200e-01
   5.5404741e-01   2.2305149e-01
   2.6486949e-01   2.0882798e-01
   3.1342732e-01   4.2621622e-01
   8.3380652e-01   1.2909033e-01
   9.0275712e-01   7.1079728e-01
   7.8486952e-01   8.3410810e-01
   9.4018116e-01   7.4861816e-01
   3.6542035e-01   8.6358606e-01
   3.1099204e-01   3.7004963e-01
   7.7546541e-01   4.6286633e-01
   6.3736061e-01   4.5723319e-01
   9.7842770e-01   3.5405015e-01
   2.5682860e-01   8.0974118e-01
   7.0525139e-01   9.0196676e-02
   2.3727370e-02   5.3310407e-02
   5.3729839e-01   9.0243122e-01
   4.9075820e-01   4.1864180e-01
   7.1317385e-01   6.5989403e-02
   2.3487661e-01   2.7740165e-01
   4.2720420e-01   2.2630506e-01
   7.0744907e-01   9.7623119e-01
   2.4778431e-01   5.3673248e-01
   9.5671733e-01   4.0781858e-01
   9.7428691e-01   2.5696063e-01
   3.2262136e-01   5.8052315e-01
   2.6098137e-01   1.5966301e-01
   7.2143012e-01   8.0840586e-01
   3.5043120e-01   6.9811954e-01
   8.6237231e-01   7.0677796e-01
   9.4262832e-01   5.5686130e-01
   7.1708715e-01   6.9062906e-02
   4.8799352e-01   3.2865695e-01
   2.4899557e-01   6.2894606e-01
   6.5414590e-01   2.5038276e-02
   2.5647612e-02   2.1098659e-01
   8.7521759e-01   8.7184973e-01
   9.5799351e-01   4.9740907e-01
   9.6980830e-01   9.5871107e-01
   7.1173478e-01   6.3642474e-01
   9.7965209e-01   8.1180324e-01
   3.8501530e-02   6.3043356e-01
   1.7343063e-01   2.5446522e-01
   4.4502292e-01   7.5166786e-01
   4.4886889e-01   8.3593628e-01
   4.9594143e-01   1.2444821e-01
   6.7685262e-02   4.2182906e-01
   1.9192427e-01   1.0657561e-01
   3.4416851e-02   1.5919736e-01
   6.3894968e-01   9.5647022e-01
   8.6107694e-01   3.9956048e-01
   4.1470080e-01   2.1579443e-01
   9.2922961e-01   7.5434948e-01
   7.1348119e-01   7.3538857e-01
   9.0370260e-01   7.1306435e-01
   3.8417337e-01   9.3044928e-01
   7.0928421e-01   2.4219943e-01
   9.4682931e-01   7.3818206e-01
   4.1800495e-01   7.6145954e-01
   6.2187961e-01   6.8824028e-01
   8.5505998e-01   9.3616693e-01
   3.3148422e-01   5.4988175e-01
   3.2006532e-01   8.9610362e-01
   9.0156103e-02   4.1916576e-01
   7.0013482e-01   8.9742529e-01
   2.5138701e-01   3.5988083e-01
   1.8507790e-01   9.8741610e-01
   1.3727366e-01   8.3490619e-01
   1.1390885e-01   3.2578787e-01
   7.1608583e-01   8.4086078e-01
   1.0760967e-01   9.8417840e-01
   2.8560909e-01   2.0786693e-01
   4.3958750e-01   5.2763497e-01
   8.8055110e-02   7.7905437e-01
   6.6378416e-01   2.2377129e-01
   4.0611574e-01   7.4360664e-01
   6.2505974e-01   3.1411409e-01
   9.0461634e-01   8.2716522e-01
   4.6604702e-01   7.6681057e-01
   1.0890433e-01   4.8707786e-01
   1.2942540e-01   8.6901557e-01
   1.2925301e-01   9.2212208e-01
   2.5495225e-01   9.7074779e-01
   8.5644316e-01   5.1295716e-01
   9.4724918e-01   5.7751191e-01
   7.2373925e-01   6.6470859e-01
   3.4545800e-01   4.5196709e-01
   1.0445612e-01   4.0604434e-01
   4.1321644e-02   3.9359509e-01
   9.3987586e-01   2.6476793e-01
   2.5013642e-01   1.6640243e-01
   2.4347742e-02   1.4301006e-01
   5.2936884e-01   8.8613505e-01
   9.9980933e-01   1.4415040e-01
   8.4638823e-01   1.0715495e-01
   9.5289288e-01   3.9147944e-01
   6.4537423e-01   1.6172192e-01
   4.4307065e-01   4.7722914e-01
   7.3387351e-01   7.6117456e-01
   4.2428972e-01   9.7231758e-01
   5.2190975e-01   2.6663363e-01
   7.3791174e-01   8.8397820e-01
   1.8940585e-01   9.5514264e-01
   3.2957122e-01   3.1819729e-02
   8.3201354e-02   3.4922605e-01
   8.6037655e-01   3.6944590e-01
   2.8157071e-01   4.6135814e-01
   8.9459588e-01   2.6415601e-01
   1.1987699e-01   5.6827979e-02
   2.1523662e-03   3.1320889e-01
   4.0493731e-01   9.3654458e-01
   4.4846351e-01   5.7019841e-01
   5.6876168e-02   9.7251088e-01
   7.5495087e-01   5.0989351e-01
   7.2619817e-01   9.4524260e-01
   6.8837867e-01   6.4382032e-01
   8.7610585e-01   5.3308337e-01
   7.4525285e-01   4.3282253e-01
   3.9153085e-01   5.8275529e-01
   9.4083231e-01   4.1396514e-02
   3.6063403e-01   4.8149619e-01
   8.1329664e-02   5.5565130e-01
   8.7993831e-01   5.8204684e-01
   5.4002795e-01   7.3807010e-01
   5.7123396e-01   3.6680334e-01
   4.6719158e-01   5.2368739e-01
   8.3469968e-01   6.9486510e-01
   2.2660602e-01   3.1692620e-01
   8.8307345e-02   6.3939084e-01
   9.8291318e-01   6.5097573e-01
   4.7775160e-01   5.7335765e-01
   9.1450295e-01   9.5876757e-01
   3.0206172e-01   2.7057865e-01
   8.8999689e-01   1.2213395e-01
   8.3299439e-01   1.5207955e-01
   9.2892830e-01   6.2350922e-01
   2.2145088e-01   5.8828385e-01
   1.7384968e-01   6.6455015e-01
   6.6226648e-01   1.3820491e-01
   5.0342030e-01   7.8489089e-01
   5.7752519e-02   7.2520442e-02
   3.2100501e-01   1.5773893e-01
   3.8220187e-01   7.7840384e-01
   2.5356987e-01   6.7651985e-01
   5.8185614e-01   9.4744617e-01
   9.2339283e-01   6.4193239e-01
   2.0439714e-02   8.5796461e-02
   8.4836055e-01   9.9895140e-01
   3.9307659e-01   7.6686519e-01
   8.2154844e-01   1.4793417e-01
   1.8467747e-01   8.8055177e-02
   8.5977052e-01   1.9169648e-01
   9.4694742e-01   3.4746172e-01
   8.9070016e-01   8.5719627e-01
   5.9211624e-01   1.9623689e-01
   5.0516611e-01   8.9227029e-02
   7.0301940e-01   2.8318381e-01
   2.6003094e-01   2.3246324e-01
   5.2671446e-01   7.0722777e-01
   8.3030211e-01   8.8238894e-01
   1.2599915e-01   2.2876189e-01
   4.3315112e-01   7.1039254e-01
   2.1388733e-01   1.8068377e-01
   4.4196599e-01   6.3481385e-01
   6.6572201e-01   8.3799191e-01
   3.1784359e-01   2.7798534e-01
   5.8419209e-02   8.9508636e-01
   2.9725822e-01   8.9937390e-01
   1.8880563e-02   2.0674634e-01
   6.0805219e-02   3.7793410e-01
   7.7225357e-01   3.7133517e-01
   5.7365124e-01   9.4462919e-02
   3.9324895e-01   3.3852025e-01
   4.7562840e-01   1.1923368e-01
   8.5321242e-01   4.9306516e-01
   9.5506659e-01   9.1271522e-01
   5.2413586e-01   3.6823473e-04
   4.0259021e-01   5.1865074e-01
   1.8979447e-01   1.5761567e-01
   9.0987357e-01   7.3901288e-01
   9.9967791e-02   5.3095053e-01
   2.3843113e-01   3.0722261e-02
   3.0032415e-01   1.2741581e-01
   4.6178043e-01   7.2022565e-02
   2.6090175e-01   2.0339077e-01
   7.9768407e-01   3.5681725e-01
   1.8815348e-01   5.5568453e-01
   9.8973744e-01   9.1785271e-02
   5.4952561e-02   9.5896682e-01
   2.6988502e-01   4.2846224e-01
   6.2058428e-01   9.6334182e-01
   2.0839880e-01   5.8903451e-01
   2.6176958e-01   8.8759480e-01
   4.1165061e-01   7.6615564e-01
   8.8052912e-01   1.1567992e-01
   2.1398726e-01   2.4631764e-01
   8.6402380e-01   8.4843143e-01
   7.3982734e-01   3.3744661e-01
   9.5857969e-01   8.7103373e-01
   5.2835663e-02   3.3965288e-01
   1.8029277e-01   1.6529773e-01
   9.3588783e-01   5.0258377e-01
   6.8582793e-01   3.9331427e-01
   8.5467678e-01   4.3174083e-01
   1.0488982e-01   9.4784113e-01
   9.1432973e-01   7.3514638e-01
   5.2966829e-01   4.2489462e-01
   9.5719967e-01   1.6711065e-01
   3.9183567e-01   1.3863680e-01
   5.8470920e-01   9.1121177e-01
   4.6839766e-01   9.1729826e-01
   5.8904993e-01   5.0491827e-01
   3.5447090e-02   4.7295528e-01
   7.4856325e-02   8.4960314e-01
   5.4232804e-01   5.3084850e-01
   4.3328189e-01   3.8993140e-01
   8.3858569e-01   5.1130922e-02
   4.4312466e-02   9.6738426e-01
   3.0207343e-01   2.6269019e-01
   3.1556282e-01   1.4696721e-01
   8.7838145e-01   5.3194682e-01
   4.3398844e-01   1.0864735e-01
   4.4256383e-01   9.2032413e-01
   3.7075867e-01   5.8276266e-01
   8.6178689e-01   1.5241546e-01
   4.6515234e-01   2.8489449e-01
   1.5999036e-01   3.3498260e-01
   3.6889767e-01   2.4963862e-02
   6.0774439e-01   7.1339547e-02
   7.9889937e-01   8.3941790e-01
   4.4705051e-01   2.4880035e-01
   9.4689157e-01   2.4544072e-01
   8.9355561e-01   2.3904690e-01
   7.3323652e-01   9.4339877e-01
   9.0055377e-01   5.8204053e-01
   6.1236655e-01   9.9878079e-01
   5.9871152e-01   3.8467348e-01
   8.6408312e-01   6.9097401e-01
   5.3454318e-01   5.4697150e-02
   6.9136621e-01   7.7248784e-01
   6.8149209e-01   2.9786332e-01
   1.7753368e-01   3.3354736e-01
   8.4632405e-03   9.8873571e-01
   2.3405344e-01   1.5188295e-01
   6.7718393e-01   5.4021362e-01
   2.9033458e-01   7.5418800e-02
   9.1198046e-01   8.4980090e-01
   3.9473691e-01   9.9465669e-01
   8.9302819e-01   3.0499775e-01
   3.3939111e-01   1.3447098e-01
   2.3357513e-01   7.2311626e-02
   5.2538957e-01   4.2093446e-01
   1.9840031e-01   2.9241618e-01
   1.0549980e-02   3.6957771e-01
   5.1779489e-01   3.2943969e-01
   5.1930514e-01   6.9486949e-03
   7.3878260e-01   7.3191079e-01
   9.5111597e-01   5.2672271e-02
   1.0610437e-02   2.9104107e-01
   5.5392307e-01   1.7173801e-01
   8.1663908e-01   3.5920614e-01
   7.6034999e-01   9.5169725e-01
   7.8231296e-01   5.3941863e-01
   9.3056368e-01   2.4163072e-01
   3.5841147e-01   4.4437873e-01
   2.5270383e-01   8.8903519e-02
   2.5329020e-01   9.1197104e-01
   8.6129031e-02   6.8700857e-01
   2.9716880e-01   2.1915217e-01
   1.5657030e-01   9.8904073e-01
   7.3281475e-01   4.7712005e-01
   1.5462967e-01   9.1983358e-01
   4.9197376e-01   1.6116126e-01
   3.9664142e-01   9.0127305e-01
   7.5752643e-01   5.4772026e-01
   2.3614256e-01   3.7457034e-01
   4.3236462e-01   9.0239075e-01
   6.4741451e-01   3.4681317e-01
   6.4372890e-01   9.3878359e-01
   4.7289014e-01   8.9905113e-01
   4.3306753e-01   3.3146776e-01
   5.3535041e-01   6.2575387e-01
   1.5059452e-01   4.2570788e-01
   9.5571358e-01   1.2966027e-01
   3.0518094e-01   7.6180236e-01
   2.8663860e-01   7.7190422e-01
   7.4742913e-01   7.1137996e-01
   8.0775070e-01   2.0712901e-01
   6.8235988e-01   8.8375191e-01
   9.6279222e-01   3.4108875e-01
   8.6401112e-01   3.6783356e-02
   5.1585406e-01   5.3550021e-01
   5.9253906e-03   8.6098422e-01
   1.8548025e-02   1.6871651e-01
   7.7247796e-01   8.2088319e-01
   2.7619166e-01   2.1123338e-01
   8.1137244e-01   4.3768626e-01
   3.3963580e-01   8.7102163e-01
   5.4654264e-01   8.1867934e-01
   2.2866039e-01   1.3083500e-01
   9.3188545e-01   8.3375315e-01
   1.0592971e-01   8.7363122e-01
   8.0646186e-01   7.3414582e-02
   2.0053469e-01   2.3091293e-01
   2.4101404e-02   4.2089735e-01
   7.9707535e-01   8.4410554e-01
   3.7199770e-01   6.2156389e-01
   2.2083240e-01   3.8346015e-01
   7.5431790e-01   4.2175831e-01
   1.2066845e-02   4.3680011e-01
   2.1921952e-01   9.6559357e-01
   9.6846869e-01   3.0185872e-01
   9.0837745e-01   1.3119284e-01
   7.6579177e-02   2.4226130e-01
   4.5151452e-01   9.3539186e-01
   3.7513352e-02   8.5358713e-02
   8.9147248e-02   7.5146796e-01
   4.3764441e-01   8.7453035e-01
   3.9845602e-01   9.2404672e-01
   3.3787861e-01   4.0713356e-01
   5.5998906e-01   4.4303609e-01
   7.0332930e-02   4.8649650e-01
   1.0410385e-01   4.7093816e-01
   2.7062273e-01   2.3942000e-01
   6.3626089e-02   4.1728192e-01
   1.0182384e-01   4.5955864e-02
   6.9945439e-01   8.0647290e-01
   9.5523802e-01   2.4421950e-02
   9.9304454e-01   2.6037262e-01
   5.8603777e-02   7.1438142e-01
   7.4620045e-01   2.8286079e-01
   1.1492102e-02   1.7948389e-02
   9.9228133e-01   9.0119427e-01
   6.7781700e-01   5.5256881e-01
   6.7471660e-01   5.7260395e-01
   8.4668204e-01   3.4742146e-02
   7.0892346e-01   2.8777862e-02
   7.8519614e-01   2.1211518e-02
   2.6108970e-01   3.0712384e-01
   9.1464555e-01   6.8767771e-01
   2.8385125e-01   4.7160604e-01
   1.4373391e-01   5.5058423e-01
   1.8159588e-01   5.7967008e-01
   1.0406984e-01   3.9247050e-01
   8.5477252e-02   3.0153830e-01
   7.0650662e-01   7.2933893e-01
   8.2589455e-01   9.6788825e-01
   4.0774079e-01   5.6823275e-01
   3.8048785e-02   6.7576443e-01
   8.8150581e-01   8.2194175e-01
   3.0695292e-01   5.7038447e-02
   1.2518468e-01   2.4758718e-01
   7.6866167e-01   8.3141445e-01
   9.9962477e-01   9.8347553e-02
   1.5655565e-01   2.8976690e-01
   2.3813669e-01   2.8028044e-01
   6.2048392e-02   8.0856074e-01
   8.1899835e-01   8.2682397e-01
   8.7116969e-01   2.2218429e-01
   7.5915809e-01   4.8189630e-01
   6.5930342e-01   2.6127569e-01
   4.4823458e-01   5.8385995e-01
   5.6325945e-01   2.6899976e-03
   4.3580950e-02   2.6124327e-01
   2.8203793e-01   7.1141157e-01
   7.2001179e-01   2.9095964e-01
   7.5381267e-01   6.1290390e-01
   6.0945371e-01   1.1374617e-01
   4.0157287e-01   2.8827063e-01
   8.9130406e-01   3.8622402e-01
   2.3196616e-01   9.9283232e-01
   7.4842714e-02   2.0508048e-02
   1.3530429e-01   5.1697403e-01
   2.8578025e-01   7.8493291e-01
   7.6479003e-01   5.0021972e-01
   6.3917040e-02   4.3125221e-01
   7.1569456e-01   6.2950922e-03
   1.6648619e-01   9.0923227e-01
   3.5546274e-02   2.4281418e-01
   9.3259426e-01   4.3909524e-01
   7.4049001e-01   7.9646681e-01
   2.9917394e-01   1.9624371e-01
   7.5562107e-01   3.2869567e-01
   7.4841346e-01   3.7322797e-01
   4.4098337e-01   9.1219318e-01
   3.0018875e-02   7.1764868e-01
   6.8901258e-01   4.7646192e-01
   3.4613645e-01   7.6045532e-01
   9.6442757e-01   4.6144277e-01
   2.9731086e-01   8.0287150e-01
   5.0483940e-01   7.0429980e-01
   3.4281375e-01   5.4822572e-02
   4.6201821e-01   8.6618405e-01
   3.1153109e-01   2.3710846e-01
   5.7075199e-01   6.3312834e-01
   7.3890736e-01   6.7486408e-01
   7.3883982e-01   8.1830280e-01
   1.6685518e-01   2.0472979e-01
   9.1240469e-01   7.0188693e-01
   5.1964607e-01   2.1989277e-02
   4.0175690e-01   4.2432007e-02
   9.7037875e-01   3.7240803e-01
   5.4860156e-01   4.5333911e-01
   1.1320663e-01   2.2971071e-01
   4.4294039e-01   9.7152488e-01
   1.4544273e-01   8.6350797e-01
   9.1825913e-01   7.1381849e-01
   6.8229173e-02   4.3959331e-01
   2.4585945e-01   5.7880525e-01
   7.2558857e-01   9.0608329e-01
   5.0512788e-01   7.1140656e-02
   7.9135774e-01   5.2116591e-01
   4.7762873e-01   7.8310172e-01
   8.7708621e-01   4.6497976e-01
   3.0092294e-01   1.8723753e-01
   4.6480382e-01   8.7843481e-01
   2.0201158e-01   8.3301841e-01
   6.7108340e-02   8.7389567e-01
   6.6165804e-01   3.7312640e-01
   6.4160776e-01   8.6811109e-01
   9.5246788e-01   4.1362283e-01
   8.0637916e-01   3.6971590e-01
   4.4977011e-01   7.0767794e-01
   5.0394807e-02   6.4348299e-01
   5.5106923e-01   9.8902167e-01
   3.6637179e-01   6.8838739e-01
   9.1602524e-01   7.8555684e-01
   8.9946444e-01   1.4266322e-01
   4.7125405e-01   2.2704588e-01
   4.4647918e-01   2.1186973e-02
   1.6013695e-01   6.3106347e-01
   4.4217398e-01   3.3793836e-01
   3.8048935e-01   3.9502048e-02
   5.1190356e-01   2.3509045e-01
   5.9334191e-01   1.7098312e-01
   3.6017410e-02   7.3089403e-01
   8.8668113e-01   4.9228220e-01
   1.9964203e-01   7.7034705e-01
   2.5008106e-01   1.2440935e-01
   2.6582440e-01   1.3833240e-01
   6.4042218e-01   4.5586724e-02
   7.1183097e-02   8.3762145e-01
   4.6799721e-01   2.4884503e-01
   8.9660742e-01   1.3589394e-01
   6.6912739e-01   8.0894998e-01
   6.3140913e-02   2.5214454e-01
   4.4824344e-01   5.1220319e-01
   8.6419101e-01   2.0015009e-01
   5.8825145e-02   6.7042337e-01
   5.5480847e-02   6.0133808e-01
   5.9477068e-01   1.0297895e-02
   1.1170830e-01   1.7880562e-01
   4.9429793e-02   7.1867127e-01
   8.5629208e-01   9.4587706e-02
   1.0851896e-01   4.0134227e-01
   6.3967506e-01   4.5079207e-02
   1.1272607e-01   9.6926370e-01
   7.9595508e-01   8.2740381e-01
   6.5721153e-01   1.5291371e-01
   9.1517058e-01   2.8727616e-01
   7.4636860e-01   7.1839680e-02
   9.5575877e-02   9.5373699e-01
   5.3946181e-01   7.4636878e-01
   2.1624639e-01   9.5542866e-01
   6.8349135e-01   1.7273768e-01
   6.5015387e-01   2.8466369e-02
   2.2125079e-01   3.4797688e-01
   4.1863244e-01   1.2690541e-01
   7.3454513e-01   1.0262616e-01
   6.5786066e-02   8.2510752e-01
   8.4242587e-01   1.7673490e-01
   9.3736480e-01   9.0171000e-01
   3.1387860e-01   6.5637785e-01
   5.1232227e-01   5.2461232e-01
   9.4721469e-01   1.6436403e-01
   5.9441970e-01   8.4507556e-01
   4.5729533e-01   9.2878466e-01
   8.5006213e-01   8.3004201e-01
   1.4177955e-01   4.7286307e-01
   5.4228477e-01   4.6217902e-01
   9.6708801e-01   7.6354698e-01
   4.2991177e-01   8.0115745e-01
   5.6178401e-01   9.2508726e-01
   6.6564893e-01   8.8415847e-02
   4.7219536e-01   4.5883261e-01
   9.1385422e-01   3.2078682e-01
   9.4622094e-01   6.5952344e-01
   7.3877594e-03   4.8762978e-01
   6.8837942e-01   5.7679302e-01
   6.5304569e-01   6.0861178e-01
   9.2771563e-01   9.0112434e-01
   8.6561446e-01   8.1928865e-01
   2.7339430e-01   8.9479852e-01
   5.9382716e-01   9.8629375e-01
   2.0129631e-01   7.2105166e-01
   3.2113664e-01   9.9201417e-01
   9.5020697e-01   3.5198173e-01
   5.8784483e-01   2.3730059e-01
   2.8672700e-01   7.6459575e-02
   8.5381018e-01   1.6578330e-01
   2.0445258e-01   8.6958130e-01
   6.9684954e-01   4.5442415e-01
   4.6780382e-01   3.0306279e-01
   1.7454130e-01   4.3323167e-03
   1.2561276e-01   6.6997586e-02
   3.7416512e-01   1.5378200e-01
   4.9644864e-01   7.7210168e-01
   2.2238751e-01   4.1848891e-01
   8.3502251e-01   6.5844546e-02
   5.2165629e-01   1.7269524e-01
   1.5062285e-01   8.2216661e-01
   9.8296936e-01   1.5132619e-01
   5.8719782e-01   9.2871361e-01
   2.1855828e-01   5.9741602e-02
   9.3857589e-01   3.4396244e-02
   2.2256001e-02   7.6994645e-02
   6.5848121e-01   2.6091530e-01
   8.3548606e-01   8.0089921e-02
   6.7043662e-01   5.6789308e-01
   4.7888629e-01   1.5179762e-01
   6.1039093e-01   4.7692174e-01
   2.4807930e-01   7.4710500e-01
   7.8118906e-01   7.1972899e-01
   4.0411524e-02   9.2983760e-01
   2.2809421e-01   3.6013259e-01
   4.5371540e-01   3.6689880e-01
   9.4852996e-01   4.8424640e-01
   8.2640850e-01   6.5256647e-02
   4.9625154e-01   9.1470758e-01
   9.3278920e-01   7.4433110e-01
   1.2256349e-01   5.8038491e-01
   3.7619893e-04   1.5773817e-01
   5.6152961e-01   4.8388892e-01
   6.7886703e-01   6.7845755e-01
   8.1142599e-01   1.0477652e-01
   9.5433647e-01   6.9659577e-01
   7.6588785e-01   1.7766062e-01
   7.6343989e-01   9.0396929e-01
   5.2898401e-01   7.9565644e-01
   7.8088691e-01   3.2437121e-01
   8.9315028e-01   8.4968048e-01
   1.5405974e-01   6.2136084e-01
   3.1293686e-01   4.1913623e-01
   5.2581248e-01   2.9060442e-01
   6.7124422e-01   5.7878464e-01
   1.8528071e-01   6.9938800e-01
   5.0368636e-01   6.6335774e-01
   5.1053628e-01   4.6915818e-01
   7.2116160e-01   3.8430385e-01
   3.3705726e-01   1.4491333e-01
   4.5190534e-02   4.5305268e-01
   5.9881084e-01   5.5067640e-01
   6.6336325e-01   9.1965643e-01
   5.5199688e-01   8.9634004e-01
   3.9883012e-02   4.0923759e-01
   8.3692289e-02   8.0953605e-01
   6.8799296e-01   9.0494194e-01
   6.3022830e-02   7.3401572e-01
   6.5026841e-01   6.8824875e-01
   5.0495925e-01   6.1978886e-01
   1.2797320e-01   7.7622048e-01
   3.2946255e-01   2.7969541e-01
   6.5481225e-01   6.1920752e-01
   1.4896596e-01   5.5745635e-01
   5.1119861e-01   8.1842442e-02
   3.7042127e-01   6.4569167e-01
   8.9696601e-02   5.7850734e-01
   3.9971041e-01   7.3089728e-01
   7.2918510e-02   4.3717334e-01
   6.5018387e-01   6.4086781e-01
   2.9143761e-01   7.4929040e-01
   2.6729134e-01   2.9981370e-01
   7.8047715e-02   5.1001828e-01
   7.2973658e-01   4.0063646e-01
   7.8673998e-01   8.2788433e-01
   1.5425765e-01   8.5792805e-02
   7.2614771e-01   9.7352078e-02
   1.8303196e-01   5.5078921e-01
   9.1606365e-01   7.3907645e-01
   8.7773081e-01   5.0292728e-01
   1.9691936e-01   2.1098566e-01
   1.3804586e-01   2.7904023e-01
   8.8187482e-01   3.0226254e-01
   1.8109088e-01   9.7109466e-01
   7.4777649e-02   5.7973982e-02
   8.2246922e-01   3.5406928e-01
   2.8488893e-01   2.4665251e-02
   4.0624577e-01   5.9053946e-01
   7.4563762e-01   5.6806182e-01
   7.7620432e-01   7.8833548e-01
   7.0462702e-02   5.5439873e-01
   5.2405321e-01   4.6027311e-01
   1.9359194e-01   1.1914087e-01
   8.0167950e-01   7.6554718e-01
   7.3910974e-01   3.7716899e-01
   1.4856458e-01   7.4230247e-01
   9.7410751e-01   6.4479467e-01
   9.5292916e-01   1.3651480e-02
   6.0509171e-01   4.8694289e-01
   4.6437551e-01   4.9482538e-01
   4.1945686e-01   8.9854043e-02
   5.4806976e-01   6.0903553e-01
   1.6661544e-01   1.7440117e-01
   1.4478355e-01   2.1153861e-01
   2.3653642e-01   5.6532388e-01
   5.5513641e-01   5.6566008e-01
   8.3171047e-02   8.2595346e-01
   5.9069936e-01   7.1952154e-01
   6.2134972e-01   4.6773153e-01
   4.8388559e-01   7.3618280e-01
   7.8941999e-01   8.4121589e-01
   3.6941807e-01   1.5739579e-01
   4.9552755e-01   3.1351934e-01
   3.6269388e-01   2.6903856e-01
   5.6382705e-02   9.7766615e-01
   6.8730732e-01   3.5705733e-03
   8.5014818e-01   2.7574505e-01
   5.0076442e-01   9.1793095e-01
   7.1528559e-01   1.0456404e-01
   4.5865389e-01   9.6036104e-01
   8.9135519e-01   6.7339603e-02
   3.2516120e-02   1.5040667e-01
   4.2697382e-01   8.7001065e-01
   1.0557565e-01   5.2004245e-01
   5.7244699e-01   9.6884509e-01
   2.7062149e-01   9.3232231e-01
   2.2700156e-01   3.5503697e-01
   6.7288548e-01   9.7226941e-01
   1.8742909e-01   8.1490723e-02
   2.1840401e-01   5.1093964e-01
   3.5417911e-01   5.6100300e-01
   2.2654380e-01   4.3156447e-01
   4.0137135e-02   2.2613535e-01
   3.1898232e-01   2.7459299e-01
   3.6717096e-01   1.9321054e-02
   5.5908655e-01   8.6357629e-01
   2.2521429e-01   8.2352178e-01
   1.0402070e-03   7.6263761e-01
   1.8764357e-01   7.7845499e-02
   5.0974295e-01   4.6475375e-01
   6.2309968e-01   5.0955222e-01
   3.4561835e-01   9.0506064e-01
   7.4399874e-01   4.4744300e-01
   8.8528043e-01   5.4543621e-01
   5.3391235e-01   5.0995938e-02
   9.2073546e-01   6.5424387e-01
   8.7426326e-01   3.8845133e-01
   3.3190389e-02   5.9837892e-01
   7.7177938e-01   1.1006134e-01
   8.0549819e-01   9.3955551e-02
   9.3487049e-01   2.8068723e-01
   6.0527791e-01   1.0858637e-01
   1.1446163e-01   5.6954553e-01
   3.3273879e-01   2.4111409e-01
   5.2919125e-01   3.9360835e-01
   1.3590626e-01   4.6954495e-01
   8.0373041e-01   1.0362995e-01
   7.6217388e-01   8.0255909e-01
   5.5332311e-01   3.5319039e-01
   8.3134215e-01   8.4422084e-01
   3.0237577e-01   1.1848726e-01
   3.1125226e-01   2.6936364e-02
   7.3051996e-01   8.5130207e-01
   7.5450580e-01   7.9445029e-01
   1.6800242e-01   5.1660451e-01
   3.3826342e-01   9.8143333e-02
   2.2126062e-01   8.5738712e-01
   6.9161984e-01   8.8652109e-01
   6.7187348e-01   8.6077084e-01
   2.8560692e-01   5.1470745e-02
   6.8626648e-01   5.4041937e-01
   9.4958204e-01   9.3704346e-01
   1.8606303e-01   9.8497649e-01
   9.5372926e-01   1.2703153e-01
   4.2640758e-01   3.6158535e-01
   4.3452907e-01   6.3560291e-01
   9.0124085e-01   1.5017969e-01
   7.0963229e-01   9.3271315e-01
   9.9271434e-01   7.0674892e-01
   6.6346655e-01   9.5611139e-01
   7.2707704e-01   1.2868496e-01
   4.7048082e-01   2.8191500e-01
   5.2636905e-01   3.7467791e-02
   7.6227430e-01   4.0757982e-01
   8.1620251e-01   4.0085630e-02
   2.6813641e-01   6.3259470e-01
   1.9276714e-01   5.1032436e-03
   5.9107286e-01   5.2087103e-01
   9.6686111e-01   2.1631855e-01
   9.2610028e-02   2.6401823e-01
   2.0526828e-01   3.5465422e-01
   6.9683897e-01   1.3594335e-01
   8.2828042e-01   9.9447352e-01
   5.6473978e-01   4.4706095e-01
   7.3001709e-01   8.1184911e-01
   1.2710840e-01   1.3798490e-01
   5.8335991e-01   3.7226630e-01
   2.9262851e-01   9.9905900e-01
   4.4997551e-01   3.2978094e-01
   4.2409887e-01   1.0989575e-01
   7.2220898e-01   5.0117448e-01
   8.8201628e-01   8.7665744e-01
   3.7543491e-01   9.8198395e-01
   5.0098297e-01   2.7515113e-01
   8.9586281e-01   9.5134961e-01
   3.9371277e-01   2.1405661e-01
   6.3144800e-01   2.5772912e-01
   1.1604321e-01   5.0320662e-01
   1.2491300e-01   6.7827157e-01
   5.6848016e-01   7.9851920e-01
   8.0626719e-01   7.5123951e-01
   7.3116635e-01   4.6683439e-01
   8.4312713e-01   3.0916938e-01
   1.4632526e-01   6.2307458e-01
   5.0603419e-01   2.4812026e-01
   8.4395019e-01   7.7629180e-01
   5.0230667e-01   4.7928259e-01
   9.8368771e-01   5.7112721e-01
   9.7671689e-01   9.9446994e-01
   9.0942432e-01   5.8059578e-01
   7.9246215e-01   6.1969507e-01
   2.9640784e-01   2.4060398e-01
   4.6007259e-01   3.1541283e-01
   2.1733223e-01   9.2036575e-01
   6.9982544e-01   7.0742109e-01
   2.9731397e-01   2.9537290e-01
   5.6005057e-01   4.2511770e-01
   4.5151801e-01   3.6064132e-01
   9.9104817e-01   6.6770562e-02
   3.2979057e-01   1.7100749e-01
   3.8038587e-01   7.6981561e-01
   7.8408819e-01   9.5712660e-01
   2.2628590e-01   7.3552995e-01
   5.5238065e-01   4.6672568e-01
   7.0813731e-01   2.7384152e-01
   2.3767073e-01   1.0428517e-01
   9.9641460e-01   7.5606832e-01
   5.3729043e-01   3.7156882e-01
   5.1126905e-01   5.7538178e-01
   5.7689349e-01   3.6149368e-02
   1.6334921e-01   1.2395346e-01
   8.2428968e-03   4.7460948e-02
   4.5367555e-01   1.3215345e-01
   8.9746952e-01   7.7186825e-01
   6.6627443e-01   6.6793439e-01
   7.5263729e-01   3.3459968e-01
   5.7976373e-01   6.1757661e-01
   1.8023921e-01   7.6242981e-01
   8.6123897e-01   7.5378857e-01
   9.4430059e-01   5.0353802e-01
   7.6560403e-01   4.3940950e-01
   5.0086778e-01   5.9129857e-01
   1.4400399e-01   9.8720750e-01
   9.9685168e-01   7.9422878e-01
   6.8136819e-01   5.6936985e-01
   8.2899560e-01   4.6872070e-01
   4.3738230e-01   5.6256484e-02
   5.7907451e-01   2.5131241e-02
   6.4719409e-01   6.6222978e-01
   2.7499897e-01   7.9990806e-02
   7.5592321e-01   8.3693328e-01
   3.1470207e-02   3.3140563e-01
   3.6110443e-01   7.9897626e-01
   3.0290178e-01   1.7952842e-01
   3.8019059e-01   6.8893005e-01
   1.2268719e-01   8.7669316e-01
   6.7954276e-01   9.1201661e-02
   8.5723645e-01   5.1342115e-01
   3.3471127e-01   1.3997797e-01
   6.2925131e-02   4.9842064e-02
   4.4072563e-02   6.9491920e-01
   3.2849021e-01   6.5854875e-01
   6.4432721e-02   4.2920258e-01
   9.8469711e-01   5.9415335e-01
   4.6559200e-02   4.8542923e-01
   9.4424851e-01   7.0567000e-01
   9.9181608e-01   6.5068275e-01
   8.4975078e-02   9.2366418e-01
   3.1922103e-01   8.1230289e-01
   5.5387105e-01   5.2236414e-01
   8.0246659e-01   8.5687564e-01
   8.6255380e-01   7.8701885e-01
   7.0216771e-01   1.6117026e-01
   5.1348982e-01   4.1571943e-02
   1.3854874e-01   3.2106004e-02
   7.0270824e-01   4.8520887e-01
   2.6590525e-01   9.7878097e-01
   8.8801241e-01   6.2175039e-01
   3.6195656e-01   9.4409776e-01
   3.1460649e-01   2.2497999e-01
   4.2330392e-01   5.0408349e-02
   9.9311901e-02   6.9638163e-01
   8.5002341e-01   7.5131384e-01
   8.8712397e-02   5.6426528e-01
   1.5736545e-01   8.7853563e-01
   2.1119262e-01   5.0815014e-01
   9.1595603e-01   7.4938113e-01
   9.0811220e-01   5.9922589e-01
   5.2684200e-01   6.9930699e-01
   7.9705694e-01   3.8747273e-01
   8.1878721e-01   8.7988202e-01
   7.3230906e-01   3.6011444e-01
   6.9402697e-01   7.6792751e-02
   1.1049495e-01   1.4332739e-01
   3.4072561e-01   5.6970357e-01
   3.9429487e-01   8.4925492e-02
   2.3678625e-01   3.8566086e-01
   3.5336812e-01   6.1927490e-01
   2.2716061e-01   5.7625004e-01
   4.7727264e-01   5.6493270e-01
   9.9037248e-01   2.3045355e-02
   2.1963741e-01   7.1511650e-01
   4.8329392e-01   4.6781756e-01
   8.4737317e-01   9.7598475e-01
   3.5009099e-01   8.8948069e-02
   8.2952908e-01   7.4583258e-01
   7.9278526e-01   9.5873138e-01
   3.5734154e-02   7.4860939e-01
   9.1319481e-01   7.1245845e-01
   9.7783881e-01   2.1029279e-01
   5.8292917e-01   1.6910501e-02
   3.6092200e-01   7.2002556e-01
   8.5240300e-01   2.0545497e-01
   5.7222691e-01   1.2236209e-01
   2.4011370e-01   8.2418464e-01
   9.5321415e-01   8.6310186e-01
   3.4811128e-01   7.9931530e-01
   2.9368670e-01   6.7697026e-01
   6.0103069e-01   1.6968961e-01
   6.4832637e-02   4.0450496e-01
   4.3406444e-01   4.4950204e-01
   8.5241866e-01   8.2736898e-01
   8.3646525e-01   4.2158318e-01
   6.8183072e-01   5.5934840e-01
   1.3118791e-01   3.6411237e-01
   4.3001150e-01   4.4647426e-01
   8.1085085e-01   8.7944442e-01
   6.7323974e-01   7.4962323e-01
   4.0969257e-01   3.4749426e-01
   7.3874941e-01   2.3566002e-01
   1.2480958e-01   3.8351637e-01
   9.8507482e-01   9.0989537e-01
   5.8564275e-01   9.0228073e-02
   2.7210700e-01   9.5719713e-02
   2.8542865e-01   7.6622524e-01
   7.5056168e-01   8.8435113e-02
   7.6327889e-01   7.2776922e-01
   9.6997545e-01   1.4375407e-01
   2.5390132e-01   4.7106087e-01
   9.3632897e-01   4.0857655e-01
   7.8115346e-01   7.8750509e-02
   4.7058230e-01   6.8524810e-01
   7.1519459e-02   8.3947604e-02
   6.1447594e-01   6.8852028e-01
   6.6578662e-01   4.6494321e-01
   6.0113084e-01   1.5448400e-01
   7.3294804e-01   5.6668529e-01
   7.8260221e-02   5.9105772e-01
   8.4145659e-02   4.5995717e-01
   1.8413311e-03   5.9098921e-01
   8.3410687e-01   2.1944879e-01
   3.2003532e-01   2.1528272e-01
   2.2508893e-01   2.4349247e-01
   2.6677513e-01   8.9873108e-01
   5.4795313e-01   5.4457413e-01
   4.1825257e-01   2.4134585e-01
   9.7054129e-01   3.6666422e-01
   5.8700606e-01   7.6110710e-02
   9.5029635e-01   9.4841722e-02
   6.6623708e-01   2.9028573e-01
   9.5648469e-01   5.8759336e-01
   5.0449979e-01   4.0257744e-02
   3.4956949e-01   4.4981938e-01
   9.3969499e-01   6.5508096e-01
   8.3502027e-01   8.3695013e-01
   9.4390948e-01   7.2415541e-01
   2.4502238e-01   3.9488718e-01
   1.1620494e-01   6.2819201e-01
   1.5251587e-01   7.5095998e-01
   2.5847104e-01   2.7388274e-01
   2.9123832e-01   3.3515726e-01
   9.9231038e-01   8.4049018e-01
   2.0413486e-01   7.2477201e-01
   9.7045644e-01   4.8995302e-01
   3.3445958e-01   8.4120966e-01
   8.8693102e-02   3.3483838e-03
   3.4131564e-01   6.2818509e-01
   7.8525882e-01   5.4291746e-02
   2.5274964e-01   6.4378237e-01
   2.3399518e-01   7.1339511e-01
   2.3757638e-01   3.8793282e-01
   6.4772113e-01   4.7472772e-01
   1.5750506e-01   2.3157187e-01
   5.9146554e-01   1.3998690e-01
   1.7838518e-01   9.6783205e-01
   6.2902765e-02   3.7687952e-01
   8.5945853e-01   4.7259547e-01
   4.5491914e-01   3.0808776e-01
   6.1902584e-01   4.0420633e-01
   2.9279495e-01   4.4442908e-01
   3.7987937e-01   5.6245000e-01
   7.4400554e-01   2.6845180e-01
   7.9639787e-01   7.9781062e-01
   5.0447201e-01   6.3425611e-01
   9.4833392e-01   8.8939039e-01
   7.8690450e-01   3.0627229e-01
   3.2025065e-01   7.4813692e-01
   2.4171554e-01   6.2075177e-02
   3.6806358e-01   6.7832687e-01
   9.5495837e-01   3.7780186e-01
   1.2248885e-01   7.0795110e-01
   4.0434378e-01   3.6743539e-01
   6.8087786e-01   1.6769620e-01
   4.4854541e-01   2.4886020e-01
   4.2681059e-01   7.5973473e-01
   8.9573196e-01   6.1210803e-01
   7.1817425e-03   6.7908280e-01
   4.2781666e-02   9.6032999e-01
   2.3970704e-01   9.1849204e-01
   8.9320296e-01   5.3968232e-01
   8.3972222e-01   2.6998209e-01
   1.9041447e-01   3.4454740e-01
   4.1951892e-03   4.5813639e-01
   9.3346915e-01   2.9693212e-01
   3.7967265e-01   3.0570690e-02
   6.2416456e-01   2.5756189e-01
   2.4658423e-01   1.0093922e-01
   3.1293385e-01   1.7585684e-01
   8.0313979e-01   6.0008412e-01
   4.1565132e-01   8.4251571e-02
   3.0228919e-01   9.3636550e-01
   8.9917244e-01   7.5188346e-01
   7.4555777e-01   9.0927305e-01
   9.4948390e-01   6.2556811e-01
   2.1087989e-01   4.0930846e-01
   3.6145895e-01   3.3411333e-01
   7.8938793e-01   5.8177847e-01
   3.7401527e-01   1.7519954e-01
   9.6770448e-01   5.1728902e-01
   7.2318616e-01   8.0135039e-01
   4.1777165e-01   2.4822554e-01
   5.4700448e-01   4.3901491e-01
   7.5238837e-01   4.0909669e-01
   6.0908010e-01   5.1980984e-01
   6.2337306e-01   7.2832327e-01
   3.4887019e-01   1.4781425e-01
   3.6389187e-02   7.2123495e-01
   2.4701314e-01   9.3254331e-01
   4.3485763e-02   9.5510032e-01
   7.5659487e-01   5.6679922e-01
   7.2328094e-01   4.0921209e-02
   2.4626016e-01   2.0788340e-01
   8.4500157e-01   5.9433091e-01
   8.0328558e-01   6.6579554e-01
   1.9175238e-01   8.4603515e-01
   4.8103959e-01   8.6945671e-01
   1.4233615e-01   7.7090334e-02
   5.7059878e-01   7.6745557e-01
   9.2266614e-01   2.4560357e-01
   5.4868963e-01   3.5472418e-01
   6.0419686e-01   1.7062567e-01
   4.8714335e-01   1.5457282e-01
   5.2324593e-02   9.6607858e-01
   9.9353098e-01   9.2940425e-01
   8.4133893e-02   1.2860331e-01
   1.8214705e-01   1.8201923e-01
   3.0016586e-01   8.5678102e-01
   6.9045708e-01   2.5302946e-01
   5.8109518e-01   5.0210827e-01
   1.2652929e-01   1.6244466e-01
   3.2218281e-01   8.8605156e-01
   1.1230001e-01   6.5522901e-01
   2.6008428e-01   5.4370954e-01
   1.1358065e-01   4.0714213e-01
   3.8735187e-01   9.1457625e-01
   1.6257624e-01   7.1858584e-01
   8.8542789e-01   6.4909157e-01
   1.7323780e-01   4.2695587e-01
   4.0599918e-01   7.2741890e-02
   5.7693528e-01   2.3962571e-02
   9.1982818e-01   4.4684009e-01
   3.0732164e-01   7.4919781e-01
   2.0006054e-01   6.2187312e-01
   2.5388032e-01   1.6311963e-01
   9.0499902e-01   5.4913756e-01
   5.4636246e-01   4.0728428e-01
   9.8871610e-01   5.7309500e-01
   5.5986875e-02   2.3835655e-01
   7.8741664e-01   8.2076428e-01
   9.7252756e-01   7.0155252e-01
   7.8575641e-01   4.0003697e-01
   4.1637398e-01   3.4259800e-01
   9.6004761e-01   7.6160843e-01
   9.5692445e-03   4.5568052e-01
   1.4893897e-01   7.7352295e-01
   1.6417668e-01   6.3810285e-02
   7.6115115e-01   2.0738199e-01
   5.3870391e-01   7.9140433e-01
   1.6177085e-01   8.1062092e-01
   9.6742128e-01   6.6704849e-02
   8.3810001e-02   2.4570921e-01
   1.5026705e-01   5.0270263e-02
   2.9336433e-01   6.6033413e-01
   6.7553754e-01   1.1242772e-01
   7.0039968e-01   6.2022441e-01
   9.2434767e-01   6.9529642e-02
   9.1804837e-02   7.0356069e-01
   6.1661021e-01   5.6780531e-01
   7.5539934e-01   5.5136020e-01
   4.8195573e-01   4.8369456e-01
   7.2432795e-01   4.7994629e-02
   7.8660792e-01   1.3272973e-01
   3.4803599e-01   9.4797079e-01
   3.7590176e-01   6.5558628e-01
   9.8780716e-01   7.0593917e-01
   9.2069842e-01   2.1313651e-01
   5.5468477e-01   5.7517856e-01
   6.0097014e-01   7.1252107e-01
   7.2164093e-01   7.7335356e-01
   9.3889856e-02   4.2346403e-01
   3.6552982e-02   6.5110749e-01
   9.6783653e-01   2.1379775e-01
   1.9855998e-01   4.0227694e-02
   2.9085642e-03   5.8943631e-01
   1.7452000e-01   7.4913917e-01
   6.5828340e-01   1.2347957e-03
   6.4491136e-01   5.9860760e-01
   2.7457612e-01   5.5936077e-01
   3.2940793e-01   4.5141017e-01
   3.6201807e-01   9.2254589e-01
   9.4420699e-01   4.2025494e-01
   3.8236830e-01   9.0409763e-01
   7.1502622e-01   7.5457028e-01
   9.3149521e-01   4.7870244e-02
   6.8773587e-01   8.7245251e-02
   9.5718752e-01   6.5491155e-01
   6.8249177e-01   7.3473512e-01
   5.4596507e-01   9.5196936e-01
   6.1624210e-01   1.2947468e-01
   7.0192742e-02   9.2554750e-01
   4.4655305e-01   4.5517330e-01
   7.5904443e-01   4.6204109e-01
   2.5004066e-01   1.7496325e-01
   6.0353218e-01   5.8279345e-01
   1.6562163e-01   7.6753870e-01
   5.9564081e-01   4.5108123e-01
   5.1653567e-02   5.8031622e-01
   7.9842673e-01   4.9213874e-01
   7.6739821e-01   3.3089762e-01
   2.6405110e-01   3.3975577e-01
   9.5361687e-01   8.7682413e-01
   6.2685768e-01   6.2701389e-01
   4.2147805e-01   3.1357948e-01
   2.7971582e-01   7.9125467e-01
   8.4557097e-02   8.6198792e-01
   2.0373567e-02   9.2505326e-01
   4.3132820e-02   9.7240294e-01
   9.7896412e-01   4.1598855e-01
   2.2442197e-01   4.0881205e-01
   3.9633309e-01   4.0618415e-03
   9.6339437e-01   7.6630735e-01
   6.7933910e-01   1.6498505e-01
   5.0052777e-01   7.6448818e-01
   6.8128755e-02   5.4383441e-01
   4.0398049e-01   3.4681512e-01
   2.2846531e-01   4.1722394e-01
   3.5749118e-01   2.8771342e-01
   2.1190176e-01   9.6965479e-01
   9.3465944e-01   5.3141792e-01
   9.5489402e-01   3.2017519e-01
   8.5769404e-01   7.1007795e-01
   7.7813924e-02   8.5660497e-01
   1.5899325e-01   2.4622505e-02
   8.7996576e-03   3.2811103e-01
   7.0455082e-02   2.4731961e-02
   5.1116208e-01   4.2448981e-01
   3.1525131e-02   9.9169769e-01
   4.7363633e-01   2.7720983e-01
   8.4640655e-01   9.2885884e-01
   7.0354342e-02   2.5069671e-01
   6.9137850e-01   5.2932223e-01
   6.2980480e-01   2.2424396e-01
   2.9866249e-05   9.3746722e-01
   4.9548871e-01   3.2069321e-01
   1.5256393e-01   4.0063823e-01
   8.0220774e-01   4.9738110e-01
   6.8289402e-01   9.2931349e-01
   8.7576742e-01   6.2560364e-01
   9.6187454e-01   9.6528740e-01
   9.4853066e-01   7.3275584e-01
   2.6694045e-01   2.5350381e-01
   9.2469914e-02   4.4948457e-01
   3.7004210e-01   6.5690843e-01
   9.2868776e-01   8.8710124e-01
   6.9707600e-01   5.1327925e-01
   6.1548323e-01   5.5899308e-03
   6.1244874e-01   8.1995673e-01
   3.3456733e-01   4.5728451e-01
   3.0848910e-01   4.6664738e-01
   5.7057363e-01   9.6944843e-01
   8.8146025e-01   3.4884467e-01
   2.0453947e-01   8.7771873e-01
   2.8354229e-01   4.7199319e-01
   5.7511365e-01   3.0716916e-01
   6.3714389e-01   3.0287453e-01
   8.9564397e-01   5.8939770e-01
   6.2678374e-01   6.7308440e-01
   7.6955536e-01   2.0924901e-01
   6.5153518e-01   1.6534691e-01
   1.5613346e-01   4.4994341e-01
   6.2227727e-01   9.5072125e-01
   9.3554548e-01   6.6898336e-01
   7.8949213e-01   4.5196677e-01
   3.5174676e-01   7.0851748e-01
   4.8059022e-01   7.8859093e-01
   8.1879165e-01   5.9433156e-01
   7.0553114e-01   3.4010832e-01
   5.4404825e-01   9.4668251e-01
   9.2501532e-01   7.7835653e-01
   6.1687951e-01   7.2969358e-01
   5.3648966e-01   5.8461579e-01
   4.6472048e-02   8.4220924e-02
   8.7180896e-01   2.1950967e-01
   1.2199847e-01   6.2648178e-01
   7.7604010e-01   3.4350702e-01
   9.3844311e-01   2.4918710e-01
   2.2776001e-01   6.5335923e-01
   3.0108052e-01   8.2374748e-01
   1.2045360e-01   8.6071362e-01
   1.6883220e-01   4.2343106e-02
   8.9057262e-01   1.1511883e-01
   2.6713890e-01   7.4052940e-01
   8.7599860e-02   4.2948023e-01
   9.1447095e-01   3.1008741e-01
   1.1851006e-01   4.1147455e-01
   2.0815842e-01   9.6147576e-01
   7.9052610e-01   4.6139367e-02
   9.1266659e-02   6.2727067e-01
   9.6250199e-01   3.4943624e-02
   8.1409575e-01   4.0698609e-02
   9.5535655e-01   1.5671812e-01
   6.8553118e-01   9.7169062e-01
   9.6330159e-01   3.6185724e-01
   8.1220560e-01   8.4445174e-01
   6.9820118e-01   1.8816476e-01
   9.2850679e-01   1.0236936e-01
   1.9631674e-01   4.9208214e-01
   5.2209264e-01   3.0728781e-01
   7.3627541e-01   8.6114385e-01
   2.4794538e-01   8.7575064e-01
   4.5330872e-01   2.5960296e-01
   2.8592619e-01   1.0096947e-01
   6.3386125e-01   6.2131428e-01
   5.3288678e-01   8.0661561e-01
   1.4381925e-01   2.9372926e-01
   5.9193497e-01   9.9916191e-01
   1.0287524e-01   9.6742509e-01
   8.1542777e-01   6.7039293e-01
   4.4980245e-01   5.8745095e-01
   1.2480745e-01   2.9485240e-01
   4.7054011e-02   6.3766642e-01
   4.6285122e-01   8.6051327e-01
   8.0232132e-01   1.4325806e-01
   7.6021215e-01   9.2231152e-01
   9.8653937e-01   5.4049201e-01
   2.4324724e-01   6.2643764e-01
   4.6139433e-01   7.9208096e-01
   5.5275744e-01   9.7045225e-01
   3.4897834e-01   1.9861341e-01
   4.0510330e-01   5.3275348e-01
   2.5778124e-01   5.3402996e-01
   1.1775706e-01   7.2657471e-01
   3.8652134e-01   6.2656085e-01
   6.2374045e-02   4.9460058e-01
   5.7767895e-01   4.3396955e-02
   5.5454172e-03   4.4914849e-01
   1.1631258e-01   8.4500812e-01
   5.2672584e-01   7.2073938e-02
   4.3954805e-02   7.2229949e-01
   5.6539677e-01   4.8738960e-02
   2.9499791e-01   6.8882767e-01
   5.9793465e-01   5.5861830e-01
   4.6271092e-01   3.5035533e-02
   3.6163085e-01   2.5370694e-01
   5.7271164e-01   3.8208872e-01
   9.5923070e-01   5.7864762e-01
   4.2731702e-01   6.6774792e-02
   1.4191012e-01   6.9175836e-01
   1.2298769e-01   8.5239998e-01
   9.9565639e-01   4.2336422e-01
   9.6525726e-01   5.6416891e-02
   7.5734056e-01   3.4271262e-01
   3.5396895e-01   8.5547795e-01
   1.7566867e-01   2.6992781e-01
   9.3053984e-01   5.0217959e-01
   1.5055371e-01   1.4913039e-01
   8.4431204e-01   8.4217481e-01
   6.8672971e-01   2.3255522e-01
   2.5483243e-01   2.7865221e-01
   6.3187701e-02   8.4802039e-01
   5.1214978e-01   5.5103172e-01
   5.2973696e-01   9.0089654e-01
   8.6134722e-01   3.4318044e-01
   3.6145858e-01   3.8771366e-02
   1.1249460e-01   8.2312151e-01
   1.7449000e-01   7.6514833e-03
   4.4934231e-01   1.7684996e-01
   3.9799136e-01   5.5361120e-01
   3.5843653e-01   7.2568342e-01
   2.0251823e-01   5.0287885e-02
   1.2560526e-01   4.8390199e-01
   5.2536173e-01   4.0011587e-01
   5.9345961e-01   5.4245486e-02
   4.7549747e-01   4.0777844e-01
   5.4681786e-01   3.7649860e-01
   1.9959053e-01   1.3564163e-01
   5.3152398e-01   5.2238530e-01
   2.8459867e-01   8.4205887e-01
   7.7124530e-01   5.1367682e-01
   7.6641714e-01   8.7020753e-02
   8.2050874e-01   2.0658136e-02
   4.6857559e-02   1.0656303e-01
   6.9683540e-01   2.1488057e-01
   9.2720378e-01   4.5976282e-01
   2.5527199e-01   6.4574200e-01
   4.1441458e-01   5.4198445e-01
   9.3507786e-01   9.2852683e-01
   3.4894165e-01   8.9694479e-01
   3.1114527e-01   2.7219177e-01
   4.5523848e-01   6.9579002e-01
   5.0361726e-01   6.2955535e-01
   5.7043531e-01   9.9457973e-01
   6.4120457e-01   2.7775041e-01
   7.8543387e-01   1.6965514e-01
   8.2202118e-01   6.5238157e-01
   4.8216432e-01   2.6562454e-01
   5.8444428e-01   8.1273960e-01
   1.3042216e-02   5.4869975e-01
   4.3378837e-01   3.8565898e-01
   2.3955393e-01   4.6682026e-01
   5.3974034e-01   2.2590664e-01
   7.0025704e-01   7.6198238e-01
   6.0645581e-01   4.4742366e-01
   3.4570351e-01   8.7259163e-01
   2.5942914e-01   7.1885370e-01
   3.9048839e-01   5.7837912e-01
   4.1512240e-01   6.3068727e-01
   5.4198859e-02   4.5250849e-01
   9.5659535e-01   8.9954265e-01
   4.9117642e-01   1.3260634e-01
   9.6500963e-02   4.0185327e-01
   5.2059042e-01   4.4215397e-01
   5.9916052e-02   2.9853500e-01
   2.3405588e-01   8.7962234e-01
   4.6939415e-01   9.8935033e-01
   1.3923760e-02   7.7684242e-01
   2.6122740e-01   3.7464504e-01
   5.6735473e-01   1.8287283e-01
   5.9413590e-01   8.9102919e-01
   4.5345193e-01   5.8412722e-01
   3.8004727e-01   4.5494770e-01
   8.3278224e-01   1.0848043e-01
   2.5019401e-01   4.8505398e-01
   8.9992279e-01   6.5384417e-01
   5.4809550e-02   3.4843063e-01
   7.4625060e-03   4.4996216e-01
   3.4140790e-01   4.2606340e-01
   7.9936149e-01   1.1941342e-01
   2.4406961e-01   2.8979305e-01
   1.2852655e-01   3.7900576e-01
   2.1134068e-01   1.5836460e-01
   9.0686072e-01   3.0968423e-01
   1.0928747e-01   5.0809065e-01
   5.6327300e-01   8.8576687e-01
   9.4441640e-02   9.7343773e-01
   1.5135193e-01   5.2908620e-01
   8.3536355e-01   1.2483999e-01
   1.0786122e-01   6.4376442e-01
   2.3422848e-01   8.3718750e-01
   5.1054519e-01   1.8163918e-01
   9.1895598e-01   3.8565394e-01
   9.1097763e-01   8.3926132e-02
   6.3421221e-01   7.2595975e-01
   7.3738046e-01   5.8782778e-01
   4.9358902e-01   2.2475999e-02
   9.4330679e-01   1.4681406e-01
   6.4000604e-01   8.7436570e-02
   5.9381951e-01   9.0923938e-02
   1.4388817e-01   4.8772952e-01
   5.0724371e-01   1.8626398e-01
   8.4485422e-02   2.1989586e-01
   7.4190247e-01   4.5645108e-01
   7.0131993e-01   6.2419200e-01
   2.8661805e-01   7.0147673e-02
   2.5942782e-01   6.8222950e-01
   1.2505458e-01   5.7148036e-01
   5.5497447e-01   5.1467767e-01
   4.5976850e-01   8.5595400e-01
   7.4475479e-02   2.0266706e-01
   6.3269247e-02   5.7756144e-01
   4.5630919e-01   6.0806834e-02
   5.5199488e-01   2.9823333e-01
   8.8188153e-01   2.3857802e-01
   8.6387466e-02   1.2977373e-01
   3.4249078e-01   3.6652661e-02
   3.3820547e-01   5.1373929e-02
   2.2638217e-01   9.3806377e-02
   9.5306926e-01   9.3546660e-01
   9.8162626e-01   1.5006954e-01
   8.7025138e-01   4.6959233e-01
   7.0625086e-01   5.1805730e-01
   6.6963671e-01   5.0561362e-01
   1.4856038e-01   4.2768402e-01
   6.1449642e-01   4.9623081e-01
   9.4153243e-01   6.3922060e-02
   6.1347920e-01   3.4906127e-01
   2.6608944e-01   4.5496227e-01
   4.4003474e-03   9.1537042e-02
   6.4395438e-01   1.5694245e-02
   5.5934340e-01   6.2985395e-01
   5.2562013e-01   4.4449123e-01
   5.8419754e-01   9.9649031e-01
   7.0898339e-01   8.5240088e-01
   8.8927583e-01   7.1457426e-01
   6.3957966e-01   5.1955540e-01
   4.7066332e-02   3.9473599e-01
   5.1254711e-01   4.9180459e-01
   8.8121272e-01   4.3898090e-01
   1.0251853e-01   9.5676674e-01
   9.1831272e-03   4.1237258e-01
   3.2222827e-01   5.8381741e-01
   4.0066904e-01   6.7412440e-02
   7.7248137e-01   2.2069986e-01
   8.5654528e-01   3.5995776e-01
   3.0717917e-01   2.0801294e-01
   1.5666424e-01   2.5056648e-01
   5.8808683e-01   3.9460031e-01
   4.0373964e-01   4.3894422e-01
   4.4392572e-02   5.2142910e-01
   1.9687275e-01   7.1048616e-01
   7.3813108e-02   7.1148187e-01
   9.6201384e-01   5.2073881e-01
   3.2884566e-01   8.7774918e-01
   2.1240061e-01   5.0659547e-01
   9.1066953e-01   1.7626039e-01
   4.4931295e-01   8.7046735e-01
   3.7331253e-01   7.1553238e-01
   4.3618706e-01   7.3050835e-01
   4.6621695e-01   3.6415422e-01
   7.5681696e-01   9.7962623e-01
   8.8663574e-01   2.8153273e-01
   4.0675809e-02   4.8390847e-01
   1.0470483e-01   7.6082633e-01
   1.1425859e-02   3.5057953e-01
   2.9999620e-02   3.4671693e-01
   1.9757074e-01   4.2240513e-01
   7.2311912e-01   6.1148943e-01
   6.4356237e-01   7.5838937e-02
   8.5162558e-01   5.1215796e-02
   5.9690154e-01   7.3275632e-01
   6.9289682e-01   8.8472011e-01
   1.9443278e-01   7.8707616e-01
   1.2349486e-01   8.5816000e-01
   7.0105721e-01   6.2032258e-01
   6.7093981e-01   2.0300560e-02
   4.0929349e-01   4.9871055e-01
   7.9707316e-01   8.5122413e-01
   1.9973700e-01   4.0068571e-01
   8.7104461e-01   8.4668667e-01
   9.9963740e-01   6.9236372e-01
   1.4992213e-01   1.7833244e-01
   7.5611119e-01   9.9218241e-01
   2.6362284e-01   4.0667810e-01
   1.2957309e-01   7.0746523e-01
   9.9636681e-01   2.3411015e-01
   7.7290907e-01   3.8035187e-01
   6.8137507e-01   2.7918998e-01
   3.5662481e-01   5.4846859e-01
   6.7136919e-01   8.6497678e-01
   9.2105699e-01   7.1597218e-02
   2.7043520e-01   5.0147395e-01
   8.4000853e-01   1.1870429e-01
   2.5797132e-01   4.1911232e-01
   1.8966008e-01   9.1012792e-01
   2.9933880e-01   5.2459159e-01
   7.0459632e-01   8.5865122e-01
   3.0698792e-01   1.7149063e-01
   4.9217585e-01   9.1648455e-01
   1.0025284e-01   9.4211161e-01
   2.3034605e-01   9.9506026e-01
   9.6531628e-01   1.2428841e-01
   5.7158622e-01   2.9932615e-01
   2.4277217e-01   8.9287115e-01
   6.4061543e-01   1.0052772e-01
   3.3387549e-01   4.7451160e-01
   5.0397802e-01   1.0335305e-01
   6.8485223e-01   6.5613360e-01
   8.3575116e-01   3.5570288e-01
   6.0393335e-01   3.8193987e-01
   5.7442646e-01   9.2537766e-01
   3.4801139e-01   6.6906116e-01
   1.6627737e-01   4.2175450e-01
   9.1981145e-01   8.6051880e-01
   9.8742422e-01   9.5952581e-01
   5.8337500e-01   2.3343954e-01
   2.6321933e-01   4.8324131e-01
   8.1821085e-01   7.3465093e-01
   6.6591527e-01   3.9384708e-01
   8.0343358e-01   4.5664639e-01
   5.9271664e-01   3.9780435e-02
   9.4857409e-01   8.2655000e-01
   4.1908835e-01   5.7623265e-01
   3.9443764e-01   7.0946522e-01
   1.7771544e-01   1.7488278e-01
   7.0894500e-01   1.6699153e-01
   2.6775375e-01   9.4876047e-01
   4.3228642e-01   4.0776356e-01
   5.4533089e-01   3.9089029e-01
   7.3937929e-01   8.3050880e-01
   7.7569364e-01   1.1170819e-01
   2.0938579e-01   6.4495369e-01
   7.1094259e-01   5.5541572e-01
   4.2869773e-02   5.9057710e-01
   3.6135433e-01   8.4537918e-02
   1.3595678e-01   3.9883350e-01
   7.1196340e-01   7.7578109e-01
   2.9778394e-01   1.8002716e-03
   2.1678081e-01   3.3415256e-01
   2.7099775e-01   3.7552925e-01
   5.6139537e-01   9.6481896e-02
   2.3652438e-01   7.6898472e-01
   3.3991934e-01   6.0614873e-01
   4.3260317e-01   1.6622402e-01
   2.3538254e-01   7.1765056e-01
   7.1511384e-01   3.2957066e-01
   1.4516658e-01   3.0699094e-01
   4.4275644e-01   8.8026882e-01
   3.2867564e-01   9.0695555e-02
   7.2679222e-01   8.5959204e-01
   6.4180472e-01   9.4619763e-02
   4.1404084e-01   9.3288733e-01
   6.2590495e-01   4.7271449e-01
   8.2670616e-01   5.4724057e-01
   8.4839701e-01   3.3098820e-01
   8.6403286e-01   9.9883602e-02
   9.2578694e-02   7.7808587e-01
   2.5875117e-01   9.1039861e-02
   3.2263526e-01   3.2833464e-01
   9.3317421e-01   3.5946186e-01
   7.1300869e-01   3.6071878e-01
   8.5091237e-01   5.3839906e-01
   3.7622179e-01   5.2796944e-02
   7.7608893e-01   3.7882599e-01
   7.1590653e-01   9.7884931e-02
   6.5348084e-01   8.7317266e-01
   3.3638155e-01   1.0754324e-01
   8.8843060e-01   3.6672836e-01
   4.5257296e-01   4.9158859e-01
   4.3670481e-01   8.3683032e-01
   3.2814666e-01   3.5612561e-02
   6.6717785e-01   9.1338242e-01
   9.1318603e-01   5.4273546e-01
   2.9912794e-01   6.3884482e-01
   4.4415096e-01   1.7291284e-01
   1.7850186e-01   5.4111436e-01
   6.0547428e-01   7.2858667e-01
   8.7234736e-01   6.4521218e-01
   7.8927317e-01   3.6619374e-01
   2.1911771e-01   3.3911999e-01
   3.9876651e-01   5.5333618e-01
   3.3321403e-01   1.6983529e-01
   7.8747917e-01   7.8889938e-01
   6.3727382e-01   4.1386950e-01
   7.0052216e-01   5.0779084e-01
   1.9117641e-01   1.5498466e-01
   2.5299240e-01   1.0090535e-01
   4.9993738e-01   2.6923011e-01
   5.2678003e-01   5.4579278e-03
   5.4660461e-02   2.4396976e-01
   8.5265921e-01   1.0749101e-01
   5.7058388e-01   2.8707398e-01
   1.9511561e-01   8.7943971e-01
   1.5114094e-01   7.9255535e-01
   8.6248636e-01   7.1954676e-01
   8.5212270e-02   3.8261615e-01
   9.8980771e-01   8.1238183e-01
   3.5009973e-01   8.6086054e-01
   7.1593580e-01   3.0930304e-01
   7.9809683e-01   8.6649726e-01
   2.6794272e-02   9.8991669e-01
   5.2746387e-01   8.6526020e-02
   2.1787279e-01   5.0849440e-01
   3.1973738e-02   2.3751701e-01
   3.8015083e-01   9.7796992e-01
   8.7065197e-01   8.3309972e-01
   8.2971875e-01   9.6439400e-01
   3.9207773e-01   3.1966143e-01
   4.0684537e-02   3.1136051e-02
   5.6183800e-01   4.3495886e-01
   1.0224453e-01   7.9339933e-01
   4.5546224e-01   1.2257674e-01
   4.4161768e-01   4.8767801e-01
   3.3633530e-01   4.4364178e-01
   4.1995188e-01   3.3206871e-01
   6.0353771e-01   5.1271016e-01
   7.6257001e-01   8.1504504e-01
   9.5321902e-01   7.4323569e-01
   3.3197508e-01   5.3915683e-01
   7.7946053e-01   7.2025776e-01
   6.1482198e-01   4.5206691e-01
   3.4311183e-01   2.6060529e-01
