   2.5329485e+00   1.9024732e+00   4.2183265e+00   1.7878169e+00
   2.7918867e-01   1.8400671e-01   7.1260263e-01   2.9948763e-01
   5.9328787e-01   5.1208750e-02   1.4469824e+00   5.7436256e-01
   1.2618410e+00   2.1103160e+00   1.3077636e+00   6.3157195e-01
   2.2992329e+00  -7.9898229e-01   1.4534614e+00  -1.8284880e-01
  -5.9546359e-03  -7.2807315e-01  -4.9721092e-01  -2.4664794e-01
   2.5286954e+00  -1.1201626e+00   1.1495499e+00  -1.0885719e+00
   1.2924784e+00   4.7201342e-01   8.9483235e-01  -1.3298311e-01
  -5.1497217e-01   1.0420408e-01   1.5047664e-01  -9.4847488e-01
  -6.1064689e-01   1.8513966e-01  -5.4810795e-01   3.2650901e-01
   9.1049294e-02   9.5122416e-01   7.2092214e-01   8.7946863e-01
   2.3642521e-01  -1.4942051e+00  -6.6375229e-01  -1.2044647e+00
   2.6033547e+00   2.0762507e+00   3.2085480e+00   1.1545380e+00
  -6.2256920e-01  -2.3369876e+00  -4.3439595e-01   3.8130293e-03
   3.6071826e+00   1.4312438e+00   2.0929315e+00   4.6949952e-01
  -1.8034016e+00  -2.7750704e+00  -1.2210128e+00  -1.8250669e+00
   5.3193265e-01   8.1175933e-01   1.4361725e+00   1.1709972e+00
   4.3232884e-01   1.8762038e-01   1.9165179e+00   8.9230451e-01
   1.0441741e+00   1.3797851e+00   2.5642283e+00   1.7577734e+00
   1.1960169e+00   8.6839207e-01   2.8156511e-01   5.0079839e-01
  -4.5643106e-02   1.1499802e+00   4.1412886e-01  -6.1402667e-01
   1.1825532e+00  -4.8245002e-01   4.7167541e-01  -4.8327054e-01
  -8.2408237e-01  -2.1231110e+00  -2.8086402e+00  -9.2806048e-01
  -1.2424063e-02  -2.3255224e+00   6.9589178e-01  -5.1593552e-01
   2.2158562e+00   2.5964651e+00   2.6953988e+00   1.1322098e+00
   1.6697226e+00   1.4888475e+00   1.8941487e+00   8.1801849e-01
  -1.8419304e-01   5.5322917e-01   1.0652172e+00   1.1230398e+00
   2.2254260e+00   1.0093952e+00   2.2720453e+00   6.4896916e-01
   6.2071769e-01  -1.0546253e+00   9.4335610e-02   8.2954961e-02
   8.3170362e-01   1.8876968e-01   1.3334865e+00  -1.4520109e-02
   1.2389282e+00  -1.1887054e-01   1.7450864e+00  -2.2632585e-01
   9.5360522e-01   5.6114360e-01   1.9251863e+00   3.8057675e-01
   2.9672400e+00   7.1793726e-02   3.2149926e+00   4.2985394e-01
   8.5604094e-01   2.6660796e+00   2.7069297e+00   1.8232546e+00
   9.2123338e-01  -1.2479636e+00   1.0592212e-02   6.4222498e-02
   5.2084384e-01   7.8196315e-01  -8.1100122e-01  -1.0146069e+00
  -5.5504005e-01   3.3272480e-01   1.6637312e+00   8.8109056e-02
   1.1559617e+00  -1.5851827e-01   4.6052009e-01  -6.2186386e-01
   1.3141686e+00   3.4244028e+00   4.1087083e+00   1.8143566e+00
   1.3064843e+00  -2.7884993e-01   2.5838776e+00   7.4585870e-01
   1.3751433e+00   6.7175472e-02   2.1679615e+00   5.2107497e-01
   1.7349920e+00   2.6210542e+00   3.2854389e+00   1.3917195e+00
   6.4894590e-02   1.6115853e+00   1.0076935e+00   1.0362759e+00
   1.3171336e+00  -1.3901272e+00   4.9713419e-01  -1.2826424e+00
   1.3598326e+00   1.3796316e+00   1.4038069e+00   4.8458825e-01
   3.7505122e-01   3.5990039e-01  -3.1934710e-02  -4.8850127e-02
   7.6609131e-01   5.9920748e-01   4.4257793e-01  -5.1290153e-02
   2.7370405e-02  -7.8375430e-01   1.4473020e+00   3.2562724e-01
   1.1576147e+00  -1.2551986e+00  -1.3777287e+00  -1.6803020e+00
   4.7127259e-01  -1.5093613e+00  -2.9029492e-01  -1.1277910e+00
   2.5930512e+00  -6.8321077e-01   1.6511029e+00  -3.3481218e-01
   1.2297235e+00  -4.8143364e-01   1.8346914e+00   2.7708997e-01
   5.0488749e-01  -1.3002722e+00   2.6991402e-01  -7.9263220e-01
   1.0933767e-01   8.9836991e-01  -3.5288036e-01  -5.6158497e-02
  -1.7119638e+00  -4.4112545e-01  -2.7460582e-01   3.6412093e-01
   1.0023740e+00   3.3164252e-01   2.6121042e+00   1.2152566e-02
   5.5023893e-02  -1.4732651e+00  -1.5775851e-01  -9.0566903e-01
   1.0101042e+00   8.6809727e-01   1.4297780e+00   5.7437451e-01
  -6.2191514e-01  -3.0393715e+00  -1.2688244e+00  -1.5695534e+00
   1.5271839e+00  -4.3279372e-01   7.9905445e-01   5.1010520e-01
   1.6502840e-01   4.7835055e-01   1.7759169e+00   1.1799557e+00
   1.1732910e+00   2.2625510e+00   2.4021814e-01   5.8695629e-01
   7.2789913e-02  -6.1749177e-01   1.3402549e+00   5.9192628e-01
   7.2602153e-01   9.3181389e-01   3.5935838e-01  -3.3099760e-01
   1.9289812e+00   2.7426619e+00   2.0607153e+00   1.4625481e+00
   8.5606007e-01  -6.1070395e-01   7.4710578e-01  -3.3275809e-01
   1.0957230e+00  -6.2128702e-01   1.1174541e+00  -9.2528774e-01
   1.9672810e+00   2.8252478e+00   3.4361275e+00   9.3507589e-01
   3.7471535e-01   3.4499080e-02   1.0245885e+00   5.6788112e-01
   1.2237085e+00   1.3656817e+00   4.1433704e-01  -1.3260553e-01
   1.7939577e+00   6.5173755e-01   2.5638101e+00   8.1407203e-01
   1.8633747e+00   1.1394298e+00   2.8002964e+00   9.2421876e-01
   1.3870350e+00   9.0252559e-01   2.3236329e+00   4.3914626e-01
   3.3085429e+00   1.2326634e+00   3.5766477e+00   8.8224393e-01
  -4.0390595e-01  -3.2717555e+00  -1.2552482e+00  -1.4777939e+00
  -4.3465120e-05  -7.6273743e-01  -9.9964538e-01  -1.8367353e+00
   1.0674523e+00  -3.6702897e-01   8.5860123e-01   6.2829519e-03
   3.6577279e-01  -1.0258022e+00   7.7647061e-01  -5.7957055e-01
   1.2537814e+00  -6.5695792e-01  -5.1770852e-01  -5.3125270e-01
  -4.9985803e-01  -8.8591015e-01  -1.0398845e+00  -8.3081781e-01
   8.6655486e-01  -1.2208857e+00  -9.1084383e-01  -1.2507606e+00
   1.5951504e+00   3.1477802e-01   2.8677911e+00   5.0126804e-01
  -1.5726390e-01  -1.0845489e+00  -1.7634678e-02  -9.4255689e-01
   4.7098447e-01  -8.6798057e-01   1.4042451e+00   6.1865124e-01
  -1.1071729e+00  -2.2527410e+00  -2.0813472e+00  -2.0220140e+00
   8.5186562e-03   7.3148050e-01   9.4820597e-01   9.5369961e-01
   1.0785953e+00  -1.8387371e+00   8.6421910e-01  -1.1888610e-01
   2.0062813e+00   1.2311605e+00   3.2879427e+00   1.3347459e+00
   1.9704031e+00   3.7448392e-01   2.1664114e+00   7.2241040e-01
   1.0331338e+00   7.7431982e-01   1.8035596e+00   5.1418458e-01
   2.2445043e-01  -8.2375239e-01  -1.5899931e+00  -1.4579631e+00
  -5.5423896e-01   2.0543549e-01   9.0155860e-01   1.0248891e+00
   1.5349259e+00   1.2443691e+00   1.4384435e+00  -6.0594581e-01
   1.1470566e+00   3.7424849e-01   5.8288886e-01  -2.2910349e-01
   2.6410224e-01   5.0139129e-02  -1.2333450e+00  -9.0496488e-01
   5.6143235e-01  -4.0117307e-03   6.8128443e-01  -3.1083565e-01
   8.5920179e-01  -8.9031959e-02   8.7937020e-01   6.1219173e-01
   7.2611242e-02  -6.3182560e-03   5.0840164e-01   4.1356144e-02
   1.5268120e-01  -5.3535419e-01   6.4065237e-01   1.7284078e-01
   5.2514570e-01  -1.8784611e+00  -4.8424952e-01  -1.2926332e+00
   2.5926501e-01   1.0044550e+00   1.7630902e+00   1.0595928e+00
   2.0952995e+00  -2.6380602e-01   1.3465217e+00  -1.1631542e+00
   1.0114019e+00  -8.3078873e-03  -1.9017741e-01   2.3886489e-02
   1.3343498e+00   1.7044475e-02   8.5499412e-01   2.3471144e-01
   2.8173712e+00   1.2991096e+00   2.3545053e+00   3.5177487e-01
   4.4443493e-01   1.5197896e+00   1.2524293e+00   1.1959127e+00
   5.1514146e-01  -2.3613302e+00   1.1578676e-02  -5.6594870e-01
  -4.4489137e-01  -2.5403897e-02  -1.3499772e+00  -1.2495991e+00
   1.2327869e+00  -2.6812709e-01   1.3300389e+00   3.7876273e-01
   3.3475112e-01  -1.5523730e+00  -7.1545412e-01  -9.3274781e-01
   8.4994994e-02  -5.5527593e-01   8.2934632e-01  -1.8065088e-01
   1.4054504e+00   4.1718240e-02   6.2027667e-01  -2.3827839e-01
  -5.0450974e-01   2.0125006e+00   4.1302325e-01   1.5655957e+00
  -1.6320956e+00  -2.2287787e+00  -2.6451267e+00  -1.7840266e+00
   2.3669914e+00   2.5383100e+00   2.8871523e+00   1.1037543e+00
   2.0452540e+00   4.2909143e-01   2.5172206e+00   9.3158291e-01
   1.4242069e+00   1.0977194e+00   1.0550147e+00   7.7031924e-01
  -9.3703680e-01  -9.2992382e-01  -2.3729858e+00  -1.3791010e+00
   4.1105301e-01  -1.1942571e+00  -9.5626345e-01  -1.1846633e+00
   2.9404389e+00   1.3588990e+00   1.8574400e+00   8.7695816e-01
   1.5609681e+00   1.0883306e+00   2.3244913e+00   1.6215540e+00
   1.1526981e-01   8.0653787e-01   7.3036254e-01   3.0619996e-01
   2.6635606e-01  -3.7394334e-01   8.9334349e-01   3.9851493e-01
   4.5189537e-01   9.8148386e-01   1.4299836e-01  -7.2113758e-01
   5.0532907e-01  -2.6259446e-01   7.6644602e-01  -2.9997848e-01
  -1.3224551e-01   1.1555196e+00  -8.6225238e-02  -1.0377500e-01
   2.6699614e+00   7.3619757e-01   3.2483057e+00   3.6820468e-01
   1.7086815e+00   3.7622001e-02   2.1167281e+00   4.6173235e-01
   1.1518792e+00  -1.6519272e+00   6.1060280e-01  -1.0134125e+00
   2.2302992e+00   2.8829276e+00   4.9934226e+00   2.1194026e+00
  -9.6331386e-02   5.3296799e-01  -7.6962203e-01   1.2719939e-01
   8.3688426e-01  -3.9343114e-01   4.5921182e-01  -2.2945885e-01
   8.8770103e-01   2.7552424e-01   9.8140147e-01   6.6252028e-01
  -3.0805384e-01  -6.2619599e-01  -2.1841441e-01  -2.5084892e-01
   1.4250112e+00  -4.4530476e-01   1.8517751e+00   1.0370474e+00
   6.0613915e-01  -8.9144089e-01   1.6385087e+00   4.7174987e-01
   1.9879420e+00  -1.2654612e+00   6.4973426e-01  -4.4551045e-01
   1.4464026e+00   1.6772493e+00   2.1669510e+00   1.4309564e+00
   2.5245420e-01   7.9104740e-01  -1.2801304e+00  -9.7749603e-01
   2.1370276e+00   2.2013424e-01   4.3213458e-01  -8.6821499e-01
   1.8819502e+00  -5.4007141e-02   1.8113835e+00   6.8811318e-01
   1.6405234e+00   1.3443551e+00   2.0197631e+00   1.1967497e+00
   1.6161256e+00  -1.6814631e+00   2.0572858e-01  -1.3224564e+00
   4.3131037e-01  -3.0953209e+00  -2.2661741e+00  -2.3423788e+00
  -5.8867289e-01  -1.2818548e+00  -1.2613778e+00  -1.0182297e+00
   1.4181028e+00  -8.0266066e-01   2.0389763e+00   4.7440846e-01
   1.6190912e+00   1.7611483e+00   2.5330123e+00   1.3349318e+00
   1.7408452e+00  -5.9250527e-01   5.4907776e-01  -1.1378135e+00
  -1.9313712e-01  -2.0703672e+00  -9.1934622e-01  -7.7504024e-01
   2.4296808e-01  -1.7455818e+00   6.5191104e-01  -3.9553435e-01
   1.5481797e+00  -2.6832809e-01   1.9713359e+00   4.0690699e-01
   1.4812690e+00   9.7271381e-01  -4.2685387e-01  -3.1068229e-01
   1.5945194e+00  -2.4559031e+00   7.0125941e-01  -8.7492820e-01
  -2.7914379e-02  -7.6249001e-01   5.4207814e-01  -2.4259942e-01
   1.5739296e+00  -5.5156732e-01   1.0693491e+00  -6.3277772e-01
   1.1626639e+00   1.3741033e+00   5.5433213e-01   1.0473665e-01
   1.4719084e+00   2.4222172e+00   2.4795768e+00   1.2195021e+00
  -1.5233338e+00  -7.3847033e-02  -7.8244022e-01   1.7107392e-01
  -6.0806817e-02   5.6358684e-01  -1.6177192e-01   9.7543103e-01
   2.2394550e+00  -2.1915631e-01   1.6166102e+00  -3.0520283e-01
   1.8403578e+00  -7.4760542e-01   1.3594242e+00   1.7141605e-01
  -7.8989656e-01  -5.2415159e-01  -3.4117421e-01  -1.0525990e-01
   9.8100950e-02   6.2608962e-01   7.8909436e-01   4.4797001e-01
  -1.4252597e+00   1.7241651e+00   2.1102766e-01   1.1342044e+00
   9.7361268e-01   3.6946304e-01   8.0222026e-01   2.9618732e-01
   6.7938276e-01  -1.0369822e+00  -5.5677041e-01  -8.6325862e-01
   1.3803440e-01  -1.1906627e+00   5.2483840e-01  -8.5706122e-01
  -4.1577302e-02  -1.4007312e+00   1.5256668e-01  -8.3645585e-01
  -1.7298919e-02   4.7549547e-01  -5.7192225e-01   3.0411258e-01
  -8.6920009e-01  -5.1135566e-02  -1.7469584e-01   2.9751588e-01
  -5.4399530e-01  -2.0327297e-01   1.8242256e-01   1.9945811e-01
   1.2459465e+00   6.7459755e-01   8.1379640e-01   6.9140577e-01
   9.9818389e-01  -6.3287972e-03   2.2848918e+00   8.8010351e-01
   1.8385699e+00  -2.3034038e-01   1.7211435e+00   1.7389216e-01
   1.2823500e+00   6.3972520e-01   1.2160062e-01  -3.5776548e-01
   6.6632074e-01   6.1643617e-01   1.2233916e+00   2.2892715e-01
   4.8925660e-01  -1.1450156e+00   1.1636720e+00  -1.0391161e-01
  -4.8908870e-01  -2.8056842e+00  -2.1196408e+00  -2.5576020e+00
   1.9645860e-01  -8.3666796e-01  -2.9407190e-01  -7.2892073e-01
   6.2863374e-01  -1.2404570e+00   1.4527566e+00   5.9445557e-01
   4.5425725e-01  -1.0198067e+00   8.3948696e-01  -2.5262893e-01
  -9.1903275e-01   5.6359060e-01  -6.7298619e-01  -1.3545883e-02
  -2.6233015e-03  -1.0035881e+00  -6.8910182e-01  -6.8004365e-01
  -2.3809407e-01  -3.8724448e-01   1.7464472e-01   8.0600034e-01
   1.1068834e+00   3.1633694e+00   2.7804512e+00   1.4085534e+00
   7.1877923e-01   3.5071040e-02   1.0360518e+00  -4.1502399e-01
   2.7547688e-01  -1.1719840e+00  -8.0398664e-01  -6.9814274e-01
  -1.9192938e-01  -2.4832297e-02   1.8085091e-02   2.3762203e-01
  -1.6252240e-01  -1.7736436e+00  -2.5034591e-01  -1.0125859e+00
  -1.3359947e+00  -1.3976847e+00  -1.7673962e-01  -7.3319272e-01
   2.0754731e+00  -1.6918220e-01   3.0956971e+00   6.8144597e-01
  -1.2425658e-01  -2.2406778e-01  -2.1765625e-01  -6.1085136e-01
  -1.5410486e+00   6.2512129e-01  -1.2002826e+00   4.2641445e-02
   4.3179258e-01   9.2497795e-02   2.1260174e-01  -5.3471596e-02
   1.3246879e+00  -1.7987023e-02   3.0629823e+00  -4.5002982e-01
  -3.6618902e-02   3.0515871e-02   1.1406192e+00   4.5767798e-01
   5.3218158e-01  -1.3146445e+00   1.7709949e+00  -2.6178316e-01
   8.8086461e-01   4.9283002e-01   1.1930675e+00   2.0159670e-02
   8.6885704e-01  -6.1026374e-01   1.3338739e+00   1.7517334e-01
   1.8540464e+00   8.6321766e-01   4.1626040e-01  -4.2705406e-01
  -6.1944893e-01  -7.5832226e-01  -1.9380597e+00  -1.7461018e+00
   1.9603299e+00  -5.8612452e-01   1.6674772e+00  -1.0772024e-01
   2.1591946e+00  -1.3900295e+00   4.9561073e-01  -1.1992316e+00
   1.3036142e+00   3.5188260e-01  -1.4332390e-01  -6.3488351e-01
  -7.1748212e-02   2.6989406e-01  -4.4350608e-02  -8.0547784e-01
  -3.5004264e-01  -9.1665397e-01   4.3343970e-01   2.3830967e-01
   3.3663767e-01  -1.5458706e+00  -7.4097332e-01  -1.1708131e+00
   3.8710629e-01  -1.3214180e+00  -3.2997934e-01  -7.6802942e-01
   1.0641239e+00   1.2024734e+00   3.6691146e+00   1.1873039e+00
   1.6696412e+00  -4.9293064e-01   2.9750127e+00   6.3967316e-01
   1.6942730e+00   5.9643173e-01   1.0474268e+00   6.5216033e-01
   1.7442272e+00   2.9456934e-01   1.7202244e+00   2.8697159e-01
   7.4710305e-01   1.0734963e+00  -9.6176273e-01  -4.8981060e-03
   6.5246107e-01  -5.9246608e-01   9.1261218e-01   1.7814260e-01
   9.3748760e-01   9.5704007e-02   1.0358597e+00   2.0799310e-01
   1.2143254e+00   1.9906387e+00   2.3029436e+00   1.2541204e+00
  -1.5168590e-01   5.3650484e-01   1.4867739e+00   6.3084889e-01
   1.4250747e+00   2.5356734e+00   2.8843248e+00   2.0592797e+00
   7.4198996e-01   2.6563911e-01  -4.9943564e-01  -2.7440624e-01
  -8.7755213e-01   2.7374514e-01  -2.0647644e+00  -1.4269384e+00
   2.1725442e-01   1.0363901e+00   8.9040155e-01   1.1230576e+00
   8.6344512e-01   1.0878931e+00   6.7951101e-01   2.9277475e-01
   1.2051749e+00  -8.3466624e-01  -1.0402451e-01  -4.5109671e-01
   1.3734229e+00  -1.9728893e+00  -1.6641813e+00  -1.6821927e+00
   1.1266545e+00   7.4731280e-01   6.6265931e-01   6.4195954e-01
   1.5113548e+00  -6.5705768e-01   1.9425589e+00  -2.0770008e-01
   1.0045030e+00   2.3495483e+00   1.2809462e+00   8.3435471e-01
   4.0420165e-01   4.9400969e-01   6.4903630e-01   6.6283555e-02
   1.7877122e+00   1.0702274e+00   1.4449914e+00   1.0453430e+00
   8.3905010e-01   8.1623411e-01   1.3671462e+00   1.5296768e+00
   7.1662723e-01   1.2321002e+00   1.0842631e+00   3.9986971e-01
  -2.9890697e-01  -6.0578393e-01   7.9131598e-01   2.9808084e-01
   1.5472122e+00   1.8402790e-01   4.6316861e-01  -8.6776913e-01
   7.2339463e-02   5.6643601e-02   5.4666615e-01   4.7407569e-02
   1.6023004e+00   1.3906666e+00   2.1715106e+00   5.0676017e-01
  -4.1518248e-01   1.9998162e-01  -1.8285982e+00  -6.8253453e-01
   1.0085052e+00  -4.5609578e-01   1.0842513e+00   8.3806668e-01
   4.1515830e-01   9.3198375e-01  -1.6703320e-01  -7.9093575e-02
   7.0749720e-01   3.0255097e-01  -4.5053548e-01  -2.9774080e-01
  -5.2219943e-01  -1.4139520e+00  -9.7170503e-01  -5.0414496e-01
   2.6581853e-01  -8.9058359e-02   1.4267409e+00   2.5972146e-02
   1.6925311e+00  -9.0164309e-01   1.6602092e+00  -7.4448538e-01
   2.9579959e+00  -1.1868684e-01   4.0057790e+00   9.8219410e-01
   1.4442677e+00   8.5377547e-01   1.2800030e+00  -1.6660273e-02
  -9.4880680e-01  -2.4971075e+00  -1.6837306e+00  -9.1586141e-01
   3.5229517e-01  -1.6097672e+00   2.5393109e-01  -5.2562755e-04
   1.1838720e+00   1.6301579e+00   2.6123000e+00   1.0042476e+00
   1.4419963e-01   2.9051765e-01  -2.9776191e-01   2.9691462e-01
   2.7282056e+00   1.2838791e+00   2.5400495e+00   2.0816341e-01
   7.3491612e-01   1.1229161e+00   1.0887319e+00   6.8405721e-01
