  -2.5043297e-01  -1.5301454e+00   0
  -4.6870402e-01  -1.3982678e-01   0
   1.4400941e-01  -5.3130774e-01   0
   5.3421096e-01   6.0215853e-01   0
  -2.8494042e-01   1.1438892e+00   0
   1.8133549e-02   1.1995123e+00   1
  -1.6499178e+00   4.8749068e-01   1
  -1.1142909e+00  -4.1871777e-01   1
  -3.7331071e-01  -4.7765569e-01   0
  -1.7038105e-01  -1.1743353e+00   0
  -1.0669771e+00   1.1643478e+00   0
  -1.1806443e+00  -8.9835791e-01   0
   6.1291681e-01  -1.9473413e+00   0
   1.3482865e-01  -8.2701207e-01   0
   1.3769033e+00   1.4510556e+00   0
   5.4573879e-01   2.5283152e-01   0
  -1.1656359e+00  -3.6675850e-01   0
  -2.2185733e+00   2.0429792e-01   0
   1.3923670e-01   3.8843925e-01   0
  -2.2714161e-01   4.3794687e-01   1
   5.5455950e-01  -1.8028209e-01   0
   9.1397218e-01   2.2844226e+00   1
  -2.0018341e-01   1.0582332e+00   0
   1.4878699e-01  -2.4769466e+00   0
  -7.2135748e-01  -9.5141336e-01   0
   1.2012931e+00  -3.2491425e-02   1
   5.1885204e-02   4.9717807e-01   0
  -5.3258925e-01  -2.8475109e-01   0
  -4.5745348e-01  -4.5864606e-02   0
   1.8182728e+00  -3.2491531e-01   0
   5.0795861e-01  -1.3163658e+00   0
   4.2044028e-01   2.1297614e+00   1
   3.3692831e-01  -1.9612272e-01   0
   4.5433011e-01   2.3246577e+00   1
   4.7225436e-01  -8.9021901e-01   0
   6.3762352e-03  -2.5718498e-01   0
   1.7115906e+00  -1.3088413e+00   0
  -2.3942905e-01  -8.5560381e-01   0
  -8.4343810e-01   9.0203775e-01   0
  -4.1275129e-01   7.5576498e-01   0
   1.1829661e+00  -8.7547225e-01   0
   7.8152064e-01   1.5096037e-01   0
   1.1719620e+00  -4.4039504e-01   0
  -2.1415293e-01   8.2764603e-01   0
   1.5093652e-01  -7.6932469e-01   0
  -1.8143098e+00   1.5557760e+00   1
   9.4559670e-01  -1.5503514e+00   0
  -1.0748718e-01   2.9074602e-01   0
   5.6038544e-02  -1.5130247e+00   0
   1.0134945e+00  -7.2565351e-01   0
  -2.7337263e-01  -1.0756087e+00   0
   4.3084131e-01   1.5488176e+00   0
  -7.1784786e-01  -1.6252091e-01   0
  -5.3183935e-01   3.2582080e-01   1
   5.4166251e-01  -1.4419081e+00   0
  -2.1177219e-01  -9.6007455e-01   0
  -1.5656505e+00   3.4757775e-01   0
  -5.3786507e-01  -1.0311813e-01   0
   2.9095092e+00   6.6063139e-01   0
   4.9282719e-01   1.1571101e+00   1
   2.1509834e-01  -9.1938909e-01   0
  -4.0901474e-01  -9.7052436e-01   0
  -1.8194510e+00   4.5609778e-01   0
   1.3559831e-01  -1.2081563e-01   0
  -3.0789632e+00   1.2898735e-02   0
  -9.2338146e-01  -8.8556410e-01   0
  -1.4551225e+00  -9.4858557e-01   0
  -2.1329385e-01   4.4679601e-01   0
   1.0736173e+00   1.5601464e+00   0
   5.1594971e-01  -3.4651577e-01   0
  -4.4366595e-01   1.1081699e+00   1
  -1.6265380e+00   1.3697118e+00   0
  -5.3316811e-01   1.0719982e+00   0
  -1.1855783e+00   1.5164162e+00   1
   4.2948184e-01   3.5878063e-01   1
  -5.8562061e-01  -1.6142428e+00   0
   1.4167441e+00  -8.2376879e-01   0
  -1.1737696e-01  -1.5455967e-01   0
  -1.5188602e+00  -1.4519492e+00   0
   7.9236130e-02  -5.2420483e-01   0
   7.1736767e-01   1.2746968e+00   1
  -4.9593882e-01  -7.8047296e-01   1
   6.1773837e-01   2.0297984e-01   1
   3.3930406e-01   2.8128342e-01   1
   3.8444739e-01   1.8452468e+00   1
  -3.2654940e-01  -2.5182328e-01   0
  -1.2764453e-01   6.4536093e-01   0
  -1.3426739e-01  -1.2313483e+00   0
  -1.2847878e-01  -8.7714173e-01   0
  -1.4557339e+00   3.2654959e-01   0
  -1.8265990e-02   5.2435281e-01   1
  -1.1904368e+00  -4.7216765e-01   0
   1.2794658e-01   2.7473410e-01   0
  -1.1664453e+00  -6.7273199e-01   0
   1.3627652e+00   5.7424912e-01   0
   8.2097516e-01  -7.0234758e-01   1
  -5.3919312e-01   2.5129916e-01   0
   2.0646126e+00   3.5241289e-01   0
   1.1393571e+00   1.4328810e+00   0
   8.5339716e-01  -1.1094538e+00   0
  -2.0727507e+00   2.1375874e-01   0
  -1.2657540e+00  -1.7264070e+00   0
  -7.0228084e-01   1.2683314e-01   0
  -3.2769369e-01   7.8431114e-01   0
  -1.3115514e+00  -1.0671827e+00   0
   6.5508062e-01  -2.0514445e-01   0
  -5.2271204e-01   1.2286174e+00   0
  -1.6537180e-01   1.6557894e+00   0
  -5.4854570e-01   2.0491506e-03   0
  -8.8259383e-02   1.4858261e+00   1
   1.3721799e+00  -1.5855276e-01   0
  -1.8304714e+00  -8.7393521e-01   0
  -9.6146446e-01  -1.0384084e-01   0
  -4.7091461e-01  -1.7426007e+00   0
   5.5473993e-01  -8.2625437e-01   0
  -1.0230851e+00  -6.2122361e-01   0
  -5.2478079e-01   1.3784282e+00   1
   7.0348376e-01   2.2255491e-01   0
  -1.2279347e+00   2.0441420e+00   0
   1.0476090e+00   4.4513385e-01   0
   3.4217867e-01   3.5363671e-01   0
   5.6991241e-01  -2.2373293e-01   0
  -1.4888969e-02  -8.9154076e-01   0
  -9.9745196e-01   1.6947130e-01   0
  -1.5995276e+00  -3.7613896e-01   0
   1.5338070e-01  -1.5572534e+00   0
   7.1555735e-01   5.1493693e-01   0
   7.2420271e-01  -1.6499101e-01   0
  -8.6045748e-02   2.6199802e-01   0
   1.6481364e+00  -5.2039587e-01   0
   1.8502782e-01   6.8539623e-01   0
  -4.0298541e-01  -5.9853754e-01   0
   1.0522279e-01   3.5578610e-01   0
  -6.1597015e-01   6.6819155e-01   0
   6.8753055e-01  -1.2535072e-01   0
   1.5567528e+00  -9.2036854e-01   0
   1.0400862e+00   2.3864003e-01   1
   2.4826161e-01   1.0771931e+00   0
  -1.3608036e+00  -2.1780379e+00   0
  -6.3667163e-01   1.1400490e-01   0
   4.0304433e-01   1.4113743e-01   0
  -7.6599974e-02   3.4995341e-01   0
   1.3824358e+00  -3.7867597e-01   0
   6.6085608e-01   3.3818120e-01   0
  -1.4336936e+00  -5.5408843e-01   0
   6.3297592e-01   2.5529723e-01   0
   6.6860951e-01   1.1481387e+00   1
   1.7507002e+00  -9.0769171e-02   0
   8.5325717e-02  -1.0792217e+00   0
   2.6301530e-01  -1.0337139e-01   0
  -1.5754091e+00   4.3409601e-01   0
  -4.6033910e-01  -2.7022434e-01   0
  -1.4935492e+00   1.6612803e+00   0
  -1.4796502e-01  -4.4116933e-01   0
  -7.7947552e-01  -4.2507750e-01   0
  -1.2880772e+00   1.6296658e+00   0
  -4.4851915e-03   2.9864051e-01   0
  -8.4069996e-01   5.3530937e-01   0
   1.2677812e+00   1.3336351e+00   0
   2.2273835e+00  -6.5518419e-01   0
   1.5266201e-01  -1.8570062e-01   0
   2.8226030e-01   8.6949134e-01   1
  -1.9583449e+00  -7.9665995e-01   0
   1.4973941e+00   2.3886161e-01   0
  -6.2382563e-01  -1.1634133e+00   1
   3.9089856e-01   5.0931699e-01   1
  -2.0129804e-01   2.2356590e+00   0
   3.4356198e-01  -1.6253765e-01   0
  -8.6392273e-02  -4.0226676e-01   0
   1.3069216e-01   1.6610854e+00   1
  -1.0640567e+00  -9.3800471e-01   0
   1.3269481e-01  -3.7659200e-01   0
  -1.4883700e+00  -3.2790367e-02   0
  -1.0856655e-01   6.0699505e-01   0
   1.8258962e-01  -1.0890428e+00   0
  -2.7844561e-01  -9.6777642e-01   0
   3.2571953e-01   3.0444052e-01   0
   8.8499534e-01  -1.8914136e-01   0
  -1.5939985e+00  -1.6760066e+00   0
  -1.4553607e+00  -1.7235992e+00   0
  -6.1977569e-01  -1.7321250e+00   0
   4.2820774e-01   1.9809718e-02   1
   3.4570316e-01   4.5313308e-01   0
  -3.5534076e-01   6.6706847e-01   0
   5.8010478e-01  -1.0619877e+00   0
   2.0787723e+00  -2.0108394e+00   0
  -1.0790494e+00   5.9223145e-01   0
  -8.4608493e-01  -8.4205269e-02   0
  -1.8299961e+00  -1.7746708e-02   0
   1.3361074e-01  -4.0609507e-01   0
   7.9479354e-01  -3.1156393e-01   0
  -3.7150083e-01   1.9017549e+00   1
   1.0900491e+00  -1.5384970e-01   0
  -2.3156075e-01   5.1078843e-01   0
   2.4370435e-01  -2.1712977e+00   0
   1.0138834e+00  -1.4873415e+00   0
   5.8791305e-01  -7.8170359e-01   0
   3.1568511e-01   1.4679280e-01   0
   1.4264767e+00   3.6165828e-01   0
  -9.1405851e-01   2.5097858e+00   1
  -4.6474780e-01  -1.7573335e+00   0
   2.9620082e-01  -1.7281465e+00   0
  -3.5704253e-01  -2.8118103e-01   0
  -5.6385667e-01  -8.6942461e-01   0
   7.2038199e-01  -1.0385851e+00   0
  -5.0763506e-01   9.5289390e-01   0
   3.9506152e-01  -4.2667816e-01   0
  -1.8337127e-01   4.6852161e-01   0
  -4.3580244e-01   2.0344528e-01   1
   4.5725417e-01  -1.6006548e+00   0
   2.9109834e-01   7.6586126e-01   0
  -1.9737071e+00  -2.5630582e-01   0
  -3.3905655e-01  -6.6215505e-01   0
  -1.0786131e+00  -1.5318660e-01   0
   1.1189566e-01   3.9334495e-01   0
  -7.1746547e-01   1.1049586e+00   0
  -1.4159070e-02   1.0208969e-01   0
   1.2535780e+00  -1.7246791e+00   0
   1.7017528e+00   8.3432670e-01   0
   7.9854586e-01  -5.4647782e-01   0
  -1.5981197e+00   1.8452050e+00   0
   1.4671987e+00   6.1003387e-01   0
   1.0750716e+00   6.5414679e-01   0
   2.5343809e-01  -3.4102671e-01   0
   2.4304722e+00  -8.4325012e-01   0
  -4.6095206e-01  -7.2990009e-01   0
   1.7936832e+00  -1.2966140e+00   0
  -1.1064993e+00  -8.2367743e-01   0
  -3.9723199e-01   1.1819272e+00   1
  -1.1725545e+00  -5.9825925e-01   0
   5.6261426e-01  -5.9571676e-02   0
   3.6394258e-01   1.5573854e+00   1
  -6.5121786e-01  -4.9871000e-01   0
  -1.4069713e+00  -2.0144726e-01   0
  -2.6976136e+00   6.9133734e-01   0
  -9.5362130e-01   1.9941064e-01   0
  -1.4345293e+00   4.6260176e-01   0
   6.6108345e-01  -3.7835913e-01   0
   1.0774277e+00  -1.7689381e-01   0
  -2.0021627e+00   1.6199007e+00   0
  -1.7473877e+00   2.0214914e+00   1
  -4.7894817e-01  -3.4359023e-02   0
   9.4733733e-01  -7.7406300e-01   0
   1.2531982e+00  -9.0827865e-02   0
   1.4704731e+00  -5.7742417e-01   1
  -3.9639049e-01  -7.1855177e-01   0
  -6.5761370e-01  -1.9743795e+00   1
  -1.0337562e+00  -1.5500928e+00   0
   5.5093000e-01  -2.9375389e-02   0
   7.6479892e-01  -6.4709190e-01   0
