   1.0034442e+00   5.8088952e-03
   1.0052570e+00   1.6162726e-02
   1.0141539e+00   2.0029754e-02
   1.0088239e+00   3.0500003e-02
   1.0187508e+00   3.3741595e-02
   1.0299133e+00   4.3104376e-02
   1.0374903e+00   3.4414549e-02
   1.0111858e+00   4.5747615e-02
   1.0366371e+00   4.9005119e-02
   1.0336778e+00   6.2433363e-02
   1.0492989e+00   6.6581276e-02
   1.0417733e+00   8.0806066e-02
   1.0542947e+00   7.4537260e-02
   1.0439562e+00   7.9165735e-02
   1.0333719e+00   1.0718608e-01
   1.0572630e+00   1.1570885e-01
   1.0651326e+00   1.4368560e-01
   1.0537900e+00   1.1670497e-01
   1.0962415e+00   1.4826443e-01
   1.0241452e+00   1.5391778e-01
   1.1077701e+00   1.4620618e-01
   1.0718004e+00   1.5723837e-01
   1.0544538e+00   1.6901518e-01
   1.0518431e+00   1.5986535e-01
   1.1046328e+00   1.8374273e-01
   1.0283326e+00   1.7571514e-01
   1.0753907e+00   1.7539524e-01
   1.0891362e+00   1.7484787e-01
   1.0873777e+00   1.8522276e-01
   1.0875409e+00   2.3380569e-01
   1.1014554e+00   1.9848566e-01
   1.0953983e+00   2.4572520e-01
   1.1297613e+00   2.5532015e-01
   1.1308076e+00   2.2651171e-01
   1.1496013e+00   1.6675416e-01
   1.1013956e+00   2.6304704e-01
   1.1549738e+00   2.5804328e-01
   1.1155947e+00   2.9052870e-01
   1.1838714e+00   2.5504194e-01
   1.1206024e+00   3.0367302e-01
   1.1470116e+00   3.0571101e-01
   1.1566823e+00   2.5275867e-01
   1.1220958e+00   2.9128081e-01
   1.1732402e+00   3.2916395e-01
   1.0754751e+00   3.5294828e-01
   1.1397750e+00   3.6090854e-01
   1.1063472e+00   3.0074046e-01
   1.1709359e+00   3.5632049e-01
   1.1220657e+00   3.0318155e-01
   1.0954159e+00   4.1978175e-01
   1.1437969e+00   3.6455113e-01
   1.0829645e+00   4.2584752e-01
   1.0800263e+00   4.0630144e-01
   1.1111427e+00   4.0430986e-01
   1.1143141e+00   3.2835112e-01
   1.0957602e+00   3.6149110e-01
   1.2968831e+00   4.8156508e-01
   1.1033598e+00   5.2814900e-01
   1.2583845e+00   4.1875406e-01
   1.1062881e+00   3.0483571e-01
   1.1355815e+00   4.3004238e-01
   1.2584780e+00   4.2357692e-01
   1.2130701e+00   3.7559633e-01
   1.1263017e+00   4.6328372e-01
   1.1718935e+00   4.9523088e-01
   1.0373004e+00   4.7965563e-01
   1.1675440e+00   4.1669356e-01
   1.0844035e+00   5.9837991e-01
   1.1935778e+00   6.1075496e-01
   1.1112403e+00   4.0121655e-01
   1.1402396e+00   5.2988978e-01
   1.1823145e+00   6.3721495e-01
   1.2113562e+00   6.6192329e-01
   1.1668133e+00   5.8344044e-01
   1.2021367e+00   6.5879619e-01
   1.1356721e+00   6.6326120e-01
   1.1025691e+00   5.8139177e-01
   1.1829752e+00   6.2437868e-01
   9.6340893e-01   7.4512766e-01
   1.2251125e+00   6.9372384e-01
   1.1545304e+00   6.5313024e-01
   1.0681428e+00   6.7524136e-01
   1.1976169e+00   7.0635543e-01
   1.0939569e+00   6.6998589e-01
   1.1629761e+00   6.7269159e-01
   9.7678167e-01   7.4296520e-01
   1.1853303e+00   7.4288818e-01
   1.1070563e+00   7.7750234e-01
   1.1158016e+00   6.3268218e-01
   1.0642111e+00   8.4307511e-01
   1.0893786e+00   6.6832848e-01
   1.2207872e+00   6.3469810e-01
   1.1199368e+00   7.3104644e-01
   1.0672746e+00   8.5691015e-01
   1.1581682e+00   8.4878495e-01
   1.0596634e+00   7.4925891e-01
   1.2234078e+00   6.5175969e-01
   1.1098033e+00   8.0073342e-01
   1.1871706e+00   8.4827150e-01
   1.0181517e+00   6.4167137e-01
   1.1689936e+00   7.8751756e-01
   1.1436679e+00   9.5210632e-01
   1.1206591e+00   8.6925613e-01
   1.2474044e+00   9.5723740e-01
   1.1906133e+00   7.8352467e-01
   1.1034600e+00   8.2230261e-01
   1.1615609e+00   9.6959433e-01
   9.7229538e-01   8.6899916e-01
   1.1387296e+00   9.4118464e-01
   1.1170546e+00   7.2816610e-01
   1.0732222e+00   1.0115553e+00
   1.3238447e+00   1.0209303e+00
   9.2523339e-01   9.9161563e-01
   1.2153516e+00   1.0187667e+00
   9.8597703e-01   9.0412994e-01
   1.1332802e+00   1.1279086e+00
   1.0797397e+00   9.8313763e-01
   1.2204339e+00   1.1292591e+00
   1.1251178e+00   8.6628998e-01
   1.0164809e+00   1.0884174e+00
   1.1911006e+00   1.0876833e+00
   1.0183106e+00   1.0620940e+00
   9.0034965e-01   1.1427583e+00
   9.9302597e-01   1.2696785e+00
   1.0071432e+00   1.0161225e+00
   1.0006660e+00   1.3224805e+00
   1.1144400e+00   8.8381337e-01
   8.8277084e-01   1.2288357e+00
   1.0787480e+00   1.1845040e+00
   8.8753200e-01   1.0188782e+00
   1.0800833e+00   8.8735333e-01
   1.0330956e+00   1.1860477e+00
   8.9661870e-01   1.0916395e+00
   1.1782141e+00   1.3406407e+00
   8.7714001e-01   1.2068202e+00
   1.0335704e+00   1.0150129e+00
   1.1370747e+00   1.1022478e+00
   1.0895817e+00   1.0117965e+00
   9.9634906e-01   1.2884480e+00
   1.0622507e+00   1.1322965e+00
   1.0654419e+00   1.1063306e+00
   8.2546361e-01   1.2653211e+00
   1.0845051e+00   1.2901091e+00
   8.3446510e-01   1.3250462e+00
   9.9047224e-01   1.2526458e+00
   9.2080284e-01   1.2199175e+00
   1.1051814e+00   1.1877011e+00
   8.3985766e-01   1.3016211e+00
   1.0216206e+00   1.2583116e+00
   1.1797639e+00   1.4310578e+00
   1.1126281e+00   1.4770801e+00
   8.9016090e-01   8.9172653e-01
   1.1151547e+00   1.2435673e+00
   1.2179301e+00   1.3749269e+00
   7.3720733e-01   1.1361721e+00
   8.1809489e-01   1.3265815e+00
   9.7804366e-01   1.2121541e+00
   1.1142891e+00   1.5104712e+00
   8.2300304e-01   1.0439512e+00
   8.6723618e-01   1.4268893e+00
   1.0029702e+00   1.3090728e+00
   7.3811967e-01   1.5144353e+00
   1.0054073e+00   1.3370594e+00
   9.2794926e-01   1.3986520e+00
   8.6088556e-01   1.4375219e+00
   6.8729235e-01   1.2796134e+00
   8.5429712e-01   1.5116855e+00
   6.1561097e-01   1.5587383e+00
   6.7217925e-01   1.6612165e+00
   7.7054858e-01   1.3750167e+00
   9.6235103e-01   1.4456307e+00
   8.0047616e-01   1.1680306e+00
   5.3119284e-01   1.5743079e+00
   6.4317486e-01   1.5474630e+00
   8.4735821e-01   1.1936772e+00
   8.9120240e-01   1.6269279e+00
   6.7146396e-01   1.6742082e+00
   5.3946880e-01   1.7713998e+00
   7.0389286e-01   1.2063536e+00
   4.7932172e-01   1.4453971e+00
   7.9107612e-01   1.3491972e+00
   6.5028961e-01   1.7166425e+00
   5.9559378e-01   1.4296003e+00
   9.1419166e-01   1.4935175e+00
   7.2718537e-01   1.6462233e+00
   7.3701436e-01   1.5303523e+00
   5.8461493e-01   1.4320574e+00
   9.7404694e-01   1.6033379e+00
   4.3352698e-01   1.8457940e+00
   7.6100402e-01   1.4413640e+00
   3.2933884e-01   1.7240325e+00
   6.8505373e-01   1.6932576e+00
   2.0412959e-01   1.7657677e+00
   7.0403351e-01   1.8965489e+00
   6.5611325e-01   1.5068109e+00
   4.2130482e-01   1.4037212e+00
   8.9872593e-01   1.6054048e+00
   4.1616999e-01   1.3844493e+00
   8.1585721e-01   1.8772308e+00
   4.2293760e-01   1.9030364e+00
   4.2855423e-01   1.6065686e+00
   4.5738425e-01   1.4623221e+00
   3.4832651e-01   1.7322359e+00
   4.4202732e-01   1.6874977e+00
   5.9568129e-01   1.8937444e+00
   5.8207244e-01   1.5688889e+00
   6.6263423e-01   1.8832224e+00
   5.2832354e-01   2.2234950e+00
   1.0011416e+00   2.0748012e+00
   2.2008802e-01   1.8886149e+00
   6.4621695e-01   1.9751974e+00
   4.1632439e-01   2.3266011e+00
   2.4473603e-01   1.7489983e+00
   1.8723379e-01   1.6622207e+00
   3.2659365e-01   1.7291119e+00
   6.0758897e-01   1.8087188e+00
   4.0352529e-01   1.8282902e+00
   6.9019334e-01   2.0817684e+00
   1.2744449e-01   1.9576595e+00
   5.2763041e-01   1.7408296e+00
   9.3752662e-02   1.8298165e+00
   2.8389381e-01   1.8452651e+00
   2.9786450e-01   1.7715885e+00
  -7.2060661e-02   1.6773728e+00
   1.9941703e-01   1.7213192e+00
  -5.7577039e-02   1.8280126e+00
   8.6706280e-01   1.9793847e+00
   6.9946774e-02   1.8087835e+00
   4.3183757e-01   2.0142682e+00
   4.3291145e-01   2.3686538e+00
  -5.5948057e-02   1.9430831e+00
   8.4525330e-02   1.8451300e+00
   5.9993358e-02   1.7741747e+00
   6.8004805e-02   1.3912782e+00
   7.4552632e-02   1.6817803e+00
   1.9750016e-01   1.9791835e+00
   2.7775540e-01   1.9475616e+00
   4.4956041e-02   1.9259544e+00
   2.9453779e-03   2.0886310e+00
   4.0052549e-01   1.7739540e+00
   8.6895844e-02   1.8348231e+00
   4.3476912e-02   1.8916691e+00
   4.8839062e-01   2.2048532e+00
  -1.2494145e-01   2.2812263e+00
   1.9842122e-01   1.7426586e+00
   3.1388679e-01   1.5409890e+00
   9.3335006e-02   2.4253405e+00
  -3.0568358e-01   1.7978064e+00
  -2.8519280e-01   2.0625763e+00
  -4.2439645e-01   1.9777135e+00
  -3.8768246e-01   2.0050439e+00
  -2.8765799e-02   2.0883012e+00
  -6.6509143e-04   1.6545588e+00
   8.0456894e-02   2.2361747e+00
  -6.1620171e-02   2.4515277e+00
  -3.6765479e-01   2.4451847e+00
  -6.3363133e-02   1.7045275e+00
  -1.2058783e-01   1.8596836e+00
  -8.0657948e-02   2.3879744e+00
  -1.8124995e-01   1.4344768e+00
   1.3733897e-02   1.9342371e+00
  -8.3742077e-02   2.0402517e+00
   2.1331186e-02   2.2558080e+00
  -2.4887934e-01   2.0622313e+00
  -1.7033998e-01   2.0549110e+00
   3.8119722e-02   2.2198985e+00
  -3.5839905e-01   2.0287505e+00
  -2.2374741e-01   1.9017911e+00
  -4.4884773e-02   1.7345831e+00
  -2.6726772e-01   1.8286097e+00
  -2.3793983e-01   2.0147395e+00
  -6.1485967e-01   2.0938028e+00
  -4.6568922e-01   2.1136539e+00
  -9.0649650e-02   2.3586594e+00
  -3.1864455e-01   2.1095530e+00
  -2.4988051e-01   2.1286762e+00
   6.2312264e-02   2.0985146e+00
   1.1702971e-01   2.0603468e+00
  -4.7123276e-01   1.6841882e+00
  -2.2260289e-01   2.0595523e+00
  -2.5758167e-01   1.8535885e+00
   2.8338305e-02   2.3230124e+00
  -3.2919649e-01   1.9761471e+00
  -3.3490053e-01   2.0381604e+00
  -1.0744436e-01   1.7406403e+00
  -4.9628883e-01   2.4942154e+00
   1.0520985e-01   2.1355916e+00
  -3.7773060e-01   2.1547462e+00
  -8.8855071e-01   1.8798849e+00
  -5.1836261e-01   1.9356696e+00
  -5.4703179e-01   2.2847700e+00
  -3.1406078e-01   1.7066851e+00
  -7.1545224e-01   2.0129091e+00
  -1.9783065e-01   2.2005739e+00
  -9.0471238e-01   1.9177198e+00
  -8.3904423e-01   1.9768996e+00
  -3.5841246e-01   2.1408286e+00
  -8.0151130e-01   2.2839118e+00
  -4.7439163e-01   1.3813667e+00
  -7.4810137e-01   2.7652461e+00
  -5.7621971e-01   1.8445987e+00
  -8.0827601e-01   2.4119793e+00
  -8.3141127e-01   2.2711950e+00
  -7.7513302e-01   2.0850684e+00
  -8.4367807e-01   1.9813775e+00
  -7.9683346e-01   2.3195462e+00
  -4.7351780e-01   1.8617273e+00
  -8.2676578e-01   1.9560628e+00
  -1.0760210e+00   2.5625355e+00
  -7.7360239e-01   2.0551275e+00
  -2.0938810e-01   2.1690835e+00
  -8.5825071e-01   2.0160864e+00
  -9.4717076e-01   1.7440950e+00
  -8.0343056e-01   2.6553873e+00
  -1.6687039e+00   2.4096960e+00
  -6.4948963e-01   2.4877570e+00
  -8.0242598e-01   2.1393445e+00
  -6.5492847e-01   1.8178141e+00
  -1.9235542e+00   2.1095953e+00
  -1.1260386e+00   2.4417089e+00
  -1.5472408e+00   1.6750970e+00
  -1.0098671e+00   2.1566722e+00
  -7.4743302e-01   2.2039034e+00
  -7.3627252e-01   2.0698637e+00
  -1.0519789e+00   2.3134103e+00
  -1.1561141e+00   1.4476729e+00
  -4.3656600e-01   2.3519443e+00
  -1.0000526e+00   1.9198066e+00
  -1.0197823e+00   2.3675521e+00
  -7.4519050e-01   2.3883481e+00
  -1.4483332e+00   2.2336515e+00
  -1.3160331e+00   1.8056924e+00
  -1.7724286e+00   2.2315301e+00
  -7.5271375e-01   1.2884859e+00
  -1.5805486e+00   2.6579085e+00
  -1.3633513e+00   2.4350688e+00
  -1.4250422e+00   2.4047680e+00
  -1.4310650e+00   2.1910299e+00
  -1.6175077e+00   1.6187039e+00
  -9.6889200e-01   1.9361754e+00
  -1.2220347e+00   2.1768875e+00
  -6.3075433e-01   1.6931544e+00
  -1.7965513e+00   1.7390780e+00
  -8.6724993e-01   1.5969075e+00
  -1.3019086e+00   2.2972999e+00
  -5.6360556e-01   2.0827140e+00
  -1.5822110e+00   2.0602395e+00
  -1.3113933e+00   2.6527999e+00
  -1.9419426e+00   2.4542311e+00
  -9.1046168e-01   2.3223477e+00
  -1.3081472e+00   2.2953341e+00
  -2.0866162e+00   1.6920980e+00
  -1.0646625e+00   2.3942844e+00
  -1.8111680e+00   2.1842416e+00
  -1.6833648e+00   1.3390977e+00
  -9.0705257e-01   1.7693371e+00
  -1.2139352e+00   1.2491687e+00
  -1.4772046e+00   2.6574228e+00
  -1.4902944e+00   2.3265408e+00
  -1.7893034e+00   2.2341230e+00
  -1.6905601e+00   2.1404870e+00
  -1.6226184e+00   2.0019898e+00
  -1.3769676e+00   1.5760844e+00
  -1.5604089e+00   1.6436427e+00
  -1.2884152e+00   1.8734046e+00
  -1.5378347e+00   2.1215520e+00
  -1.3562857e+00   1.9859815e+00
  -1.3939222e+00   1.5427981e+00
  -9.2253286e-01   2.4501537e+00
  -7.7772304e-01   1.2122332e+00
  -1.6202405e+00   1.6802016e+00
  -2.0079943e+00   2.3307773e+00
  -1.6133567e+00   1.0218740e+00
  -1.4884838e+00   1.3906553e+00
  -1.1920494e+00   1.2822503e+00
  -1.6608799e+00   1.7152151e+00
  -1.8722743e+00   1.9723778e+00
  -2.1650469e+00   1.7720131e+00
  -1.0728166e+00   1.9979026e+00
  -2.0440057e+00   1.5848608e+00
  -1.4725339e+00   1.6514813e+00
  -1.2827664e+00   1.9925611e+00
  -1.9917591e+00   2.0706553e+00
  -2.4671861e+00   2.2199585e+00
  -2.0298610e+00   1.8228975e+00
  -2.1336065e+00   1.7836824e+00
  -1.2413801e+00   1.4896134e+00
  -1.8484230e+00   1.3491936e+00
  -2.0219845e+00   1.7245424e+00
  -1.9346765e+00   2.1103582e+00
  -1.4811745e+00   1.9876998e+00
  -2.0233905e+00   1.5462387e+00
  -1.4430325e+00   1.2960212e+00
  -1.8717747e+00   1.4133383e+00
  -1.6379816e+00   1.7681420e+00
  -2.0996967e+00   2.0297572e+00
  -1.6760709e+00   1.6648439e+00
  -2.9297626e+00   1.2519183e+00
  -2.5553659e+00   1.5200919e+00
  -2.3895399e+00   5.6874741e-01
  -2.2623849e+00   8.9242449e-01
  -2.2538531e+00   1.5628489e+00
  -1.4596562e+00   9.5452867e-01
  -2.2175045e+00   2.0342682e+00
  -2.2466194e+00   2.0461658e+00
  -2.1808528e+00   1.0515662e+00
  -2.4138708e+00   1.9020878e+00
  -2.3856233e+00   2.0357612e+00
  -2.4674251e+00   1.2809116e+00
  -2.1654368e+00   1.7652926e+00
  -1.7689127e+00   1.2119510e+00
  -1.6636061e+00   1.1795608e+00
  -1.8030172e+00   1.1718095e+00
  -2.3379618e+00   4.5188315e-01
  -2.2211214e+00   1.2179065e+00
  -2.0538375e+00   1.8646884e+00
  -2.1893260e+00   1.1566950e+00
  -1.6998633e+00   6.4386451e-01
  -2.5728417e+00   1.7823901e+00
  -2.6663370e+00   1.6456843e+00
  -2.7318477e+00   1.1817978e+00
  -2.6396432e+00   9.5862029e-01
  -2.5812796e+00   1.5672528e+00
  -3.1290833e+00   1.3338887e+00
  -3.0124453e+00   1.0961493e+00
  -2.4561772e+00   1.7297479e+00
  -2.9020329e+00   1.0874040e+00
  -1.9629581e+00   6.7354474e-01
  -3.2301485e+00   1.4052013e+00
  -2.6603346e+00   1.8790702e+00
  -2.9127198e+00   1.1579173e+00
  -2.3237090e+00   1.1294262e+00
  -2.5620061e+00   6.4451060e-01
  -2.7445591e+00   1.4066074e+00
  -2.0381138e+00   1.1517339e+00
  -2.3664568e+00   1.3170666e+00
  -1.6555645e+00   8.0529829e-01
  -2.5843092e+00   5.1195089e-01
  -2.9548941e+00   1.0918013e+00
  -2.3517082e+00   1.2558482e+00
  -2.3802833e+00   5.7827337e-01
  -2.3158935e+00   7.6814075e-01
  -2.7340090e+00  -3.9285835e-02
  -3.0752236e+00   1.3575826e-01
  -2.7720129e+00   5.2651458e-01
  -2.8273506e+00   1.0443815e+00
  -3.2562384e+00   1.2446656e+00
  -2.2333377e+00   8.1649508e-01
  -2.7422823e+00   8.0371741e-01
  -2.3925529e+00   9.0385696e-01
  -3.0117209e+00   4.9037325e-01
  -2.9024051e+00   5.6305939e-01
  -2.8904881e+00   8.8555638e-01
  -2.9751959e+00   1.1931884e+00
  -2.8446133e+00   9.5898390e-01
  -2.9049021e+00   1.0775858e+00
  -3.3112299e+00   5.4509709e-02
  -3.0705985e+00   1.7667535e+00
  -1.9747960e+00   1.0535186e+00
  -2.8371541e+00   4.8862405e-01
  -2.8741407e+00   8.0416459e-01
  -2.0741261e+00   9.7959631e-01
  -2.1112836e+00   1.1687869e-01
  -3.8094251e+00   4.7439864e-01
  -3.3701952e+00   7.3633900e-01
  -3.4373035e+00   8.1044842e-01
  -3.0380591e+00   7.3678678e-01
  -2.8919152e+00   1.2240110e+00
  -3.3392774e+00   4.0428902e-01
  -3.5124404e+00  -2.3163488e-01
  -2.2170531e+00   3.6378647e-01
  -2.8095663e+00   2.0464735e-01
  -2.7054649e+00   3.9739238e-01
  -2.7884246e+00   3.3826780e-02
  -3.0253847e+00   1.1633605e+00
  -2.5139468e+00   5.2915184e-01
  -3.2907947e+00   5.3249325e-01
  -3.9004687e+00   8.7296990e-01
  -3.0250993e+00   4.0238352e-01
  -1.8745339e+00   6.4094288e-01
  -2.3555492e+00   8.1937143e-01
  -3.0777721e+00   3.0209373e-01
  -2.8937173e+00   1.3559877e-01
  -3.0332462e+00  -6.1217587e-01
  -2.8979134e+00   2.0264234e-01
  -3.7176132e+00  -1.8769813e-02
  -3.5898801e+00   3.2663770e-01
  -3.4573032e+00   4.2462597e-01
  -3.0257951e+00   4.4793556e-01
  -2.5971620e+00  -3.5456221e-01
  -3.0418130e+00  -6.6684902e-01
  -3.3962086e+00   1.5462068e-01
  -3.2544771e+00   5.5149925e-01
  -3.5789724e+00  -2.1741161e-01
  -2.2191196e+00   4.7769308e-01
  -3.9300189e+00   3.8135137e-02
  -2.9390604e+00  -5.2981211e-01
  -2.0384530e+00  -3.0640703e-01
  -2.6114308e+00   5.2901025e-01
  -2.7378336e+00   8.9961787e-02
  -2.7200647e+00  -5.2757878e-01
  -3.5213336e+00  -1.9909964e-01
  -4.1622696e+00  -2.5658784e-01
  -1.7867893e+00   9.7698459e-02
  -2.8744877e+00  -1.9822317e-01
  -3.0746462e+00  -4.8028957e-01
  -2.3281022e+00  -3.1881937e-01
  -2.8666168e+00  -6.0987642e-01
  -3.4815517e+00  -4.8125091e-01
  -3.3714276e+00  -9.5201185e-01
  -3.0679063e+00  -9.5606741e-01
  -2.9974055e+00   2.4297100e-02
  -2.6841378e+00   2.1336368e-01
  -2.1446900e+00  -6.9899197e-01
  -3.4821145e+00   3.0459925e-01
  -2.3140375e+00  -5.3748969e-01
  -3.4018038e+00  -5.9090712e-01
  -3.8059143e+00  -2.1641247e-01
  -2.7131515e+00   8.3577528e-01
  -3.2459850e+00  -4.7036102e-01
  -2.8640118e+00  -2.5852488e-01
  -1.8756399e+00  -2.4858818e-01
  -2.0010526e+00   1.4760410e-02
  -2.2846551e+00  -9.8087138e-01
  -2.2540075e+00  -9.4929718e-01
  -2.3653620e+00  -1.1188947e+00
  -1.6153537e+00  -1.5573642e-01
  -2.9377905e+00  -6.3173689e-01
  -3.0287154e+00  -4.9414547e-01
  -2.9970307e+00  -4.0716015e-01
  -3.6283750e+00  -8.2560721e-01
  -2.8228430e+00  -5.9904349e-01
  -3.2745992e+00  -2.6732414e-01
  -2.5810716e+00  -8.4139661e-01
  -3.5960608e+00  -1.1624333e-01
  -3.2010289e+00  -1.0262334e+00
  -2.1172682e+00  -1.4565166e-01
  -3.5510435e+00   1.8915908e-01
  -3.9680666e+00  -4.4875010e-01
  -2.4934104e+00  -9.1818882e-01
  -3.9314754e+00  -1.1549294e+00
  -3.3600306e+00  -4.7594710e-01
  -3.0801134e+00  -8.3622731e-01
  -2.5311602e+00  -1.2198586e+00
  -3.4976106e+00  -1.0398918e+00
  -3.7836406e+00  -1.5517457e+00
  -3.1802049e+00  -1.3468008e+00
  -3.5187284e+00  -1.1592251e+00
  -2.3435443e+00  -2.8324180e-01
  -2.9122602e+00  -8.7063256e-01
  -3.4614653e+00  -1.5738096e+00
  -3.4104184e+00  -4.1457717e-01
  -2.5091374e+00  -5.8323600e-01
  -3.2406131e+00  -5.2173579e-01
  -3.0067265e+00  -1.7105042e+00
  -2.4292160e+00  -1.4893125e+00
  -3.3541078e+00  -1.4610947e+00
  -2.3707584e+00  -1.8384953e+00
  -2.8448583e+00  -1.0745595e+00
  -2.6275557e+00  -8.5928508e-01
  -2.4384202e+00  -6.2132886e-01
  -3.2199993e+00  -6.2540918e-01
  -2.9395236e+00  -5.6181915e-01
  -2.2317687e+00  -7.6218020e-01
  -3.1841040e+00  -1.1514062e+00
  -2.9495502e+00  -1.1930875e+00
  -3.3487582e+00  -1.2908788e+00
  -2.9853436e+00  -5.9082690e-01
  -2.8468321e+00  -2.3643977e+00
  -3.4791170e+00  -1.2487476e+00
  -3.6324405e+00  -1.6025648e+00
  -2.3234250e+00  -1.0861915e+00
  -3.1748410e+00  -1.0324698e+00
  -3.2870965e+00  -2.0143669e+00
  -2.5303087e+00  -9.2604424e-01
  -4.0309483e+00  -1.0927200e+00
  -3.8189341e+00  -1.3183897e+00
  -1.9645518e+00  -1.4281880e+00
  -2.4179295e+00  -1.9267999e+00
  -3.4586904e+00  -2.5083308e+00
  -2.3890744e+00  -1.8899953e+00
  -2.3397460e+00  -1.5812495e+00
  -3.5552594e+00  -1.1674424e+00
  -2.6132413e+00  -1.6341715e+00
  -3.3685681e+00  -2.4784114e+00
  -2.2727440e+00  -1.2669516e+00
  -1.6049001e+00  -1.0943510e+00
  -2.9374572e+00  -2.6851058e+00
  -3.1006001e+00  -6.0558160e-01
  -2.5787704e+00  -1.5417212e+00
  -1.8365967e+00  -2.3352389e+00
  -3.1053321e+00  -2.5252205e+00
  -2.0980200e+00  -7.8635872e-01
  -2.1410704e+00  -2.6777423e+00
  -2.3506212e+00  -2.1769304e+00
  -2.6659760e+00  -2.2595055e+00
  -2.2655839e+00  -2.5243947e+00
  -2.5338610e+00  -9.7134051e-01
  -3.3768434e+00  -1.1625149e+00
  -3.5414225e+00  -2.7725885e+00
  -2.2501418e+00  -2.2611032e+00
  -1.7057918e+00  -1.7013886e+00
  -2.1361643e+00  -2.6239140e+00
  -3.1114514e+00  -8.1215743e-01
  -2.3294803e+00  -3.0054044e+00
  -3.6040704e+00  -3.1466761e+00
  -2.8368853e+00  -5.2557292e-01
  -3.7877796e+00  -2.0690941e+00
  -1.4934674e+00  -1.5796288e+00
  -1.3155398e+00  -3.2590127e+00
  -2.6866069e+00  -2.6225424e+00
  -2.9530304e+00  -1.4411803e+00
  -2.9807050e+00  -2.0752798e+00
  -1.8679398e+00  -1.9458712e+00
  -1.7262782e+00  -2.6713093e+00
  -2.0191028e+00  -3.2381664e+00
  -2.2542616e+00  -2.0690714e+00
  -2.8080435e+00  -1.9680409e+00
  -4.0153460e+00  -1.2295377e+00
  -3.1182216e+00  -2.1158464e+00
  -2.1443610e+00  -3.4133599e+00
  -2.8069348e+00  -3.4443253e+00
  -2.0152910e+00  -2.3891639e+00
  -1.7302343e+00  -3.0749258e+00
  -1.9158579e+00  -2.3183382e+00
  -2.5584473e+00  -1.7933617e+00
  -3.4039413e+00  -2.8598994e+00
  -2.6909317e+00  -3.0894762e+00
  -2.7355756e+00  -1.1173391e+00
  -2.0547525e+00  -2.3976481e+00
  -2.2739681e+00  -2.7497123e+00
  -2.3142085e+00  -2.1675075e+00
  -2.4521721e+00  -3.5574434e+00
  -1.9558842e+00  -3.5617861e+00
  -2.1761317e+00  -2.1949908e+00
  -2.6294319e+00  -2.3735909e+00
  -1.2061436e+00  -2.6191865e+00
  -2.3785777e+00  -1.9165113e+00
  -2.6691687e+00  -1.6639026e+00
  -1.0538801e+00  -2.6002296e+00
  -1.8643170e+00  -3.4026283e+00
  -2.2925786e+00  -1.6605415e+00
  -2.0311005e+00  -2.8889004e+00
  -1.0089300e+00  -3.0881194e+00
  -2.2338463e+00  -2.8426383e+00
  -1.1900739e+00  -2.3862432e+00
  -2.4425015e+00  -2.3781898e+00
  -2.4716684e+00  -1.6675218e+00
  -3.5890243e+00  -2.6233094e+00
  -1.3936721e+00  -2.8902678e+00
  -2.8727773e+00  -2.3201337e+00
  -2.4222052e+00  -2.4608697e+00
  -2.2361735e+00  -2.5716833e+00
  -2.1730156e+00  -2.3912384e+00
  -2.4310310e+00  -1.4304095e+00
  -1.1782584e+00  -2.5034654e+00
  -2.4256894e+00  -2.5153280e+00
  -2.1982723e+00  -1.8895168e+00
  -1.4765117e+00  -2.1405722e+00
  -2.0670516e+00  -3.3879425e+00
  -1.7609828e+00  -3.3758665e+00
  -2.3878028e+00  -2.2264560e+00
  -2.5623375e+00  -2.9624819e+00
  -7.8857103e-01  -3.8902621e+00
  -1.0895779e+00  -3.2114602e+00
  -2.4683636e+00  -3.9541665e+00
  -1.4213176e+00  -1.2230390e+00
  -1.3130385e+00  -3.4706264e+00
  -3.9012054e-01  -3.6807308e+00
  -1.9922640e+00  -2.6083709e+00
  -3.2075479e+00  -3.9381180e+00
  -1.6202375e+00  -2.9696471e+00
  -2.3679706e+00  -3.1223533e+00
  -1.6022036e+00  -3.2562188e+00
  -1.0713185e+00  -3.5276468e+00
  -1.4135517e+00  -3.6862906e+00
  -2.3808312e+00  -3.0560331e+00
  -4.2774112e+00  -3.6561958e+00
  -2.0125285e+00  -3.0726506e+00
  -1.3626807e+00  -2.6257500e+00
  -1.9304323e+00  -3.3313400e+00
  -1.8177845e+00  -2.2072148e+00
  -1.6148314e+00  -4.0237734e+00
  -3.8874943e-01  -4.6443244e+00
  -1.9284891e+00  -4.0773706e+00
  -1.9129578e+00  -3.8561574e+00
  -4.6569726e-01  -3.2638547e+00
   3.6207363e-01  -3.8261764e+00
  -1.4578625e+00  -3.5128483e+00
  -5.4251581e-01  -3.3404352e+00
  -1.4025709e+00  -3.6178729e+00
  -4.1787139e-01  -3.2156179e+00
  -1.5137925e+00  -3.4532175e+00
   2.4163907e-01  -2.4894241e+00
  -1.5458001e+00  -3.7527344e+00
  -9.0164481e-01  -4.1965675e+00
  -1.4112046e+00  -4.3488171e+00
  -2.5249812e+00  -3.8874749e+00
  -1.2789709e+00  -3.2347200e+00
  -1.2419977e+00  -4.8376823e+00
  -7.2217287e-01  -4.1498399e+00
  -2.0057268e+00  -2.7067058e+00
  -7.7925462e-01  -3.6105269e+00
  -9.7064475e-01  -2.4641069e+00
  -1.4314361e+00  -4.0796103e+00
  -2.1988872e+00  -2.9074045e+00
  -6.4336381e-01  -3.3625886e+00
  -1.7176788e+00  -3.9655530e+00
  -8.2870476e-01  -3.3229903e+00
  -1.2235087e+00  -5.0757085e+00
  -1.6127783e+00  -3.5652956e+00
  -1.0447817e+00  -2.6286549e+00
  -2.1712828e+00  -4.7838133e+00
  -6.5977397e-01  -4.6977718e+00
  -5.2098733e-02  -3.3096671e+00
  -9.6590904e-01  -4.7145904e+00
  -7.0786136e-01  -3.2802889e+00
  -5.2110790e-01  -4.0618181e+00
  -8.8221583e-01  -2.8926435e+00
   3.2213512e-03  -3.4101312e+00
  -1.6686513e+00  -5.7009132e+00
  -1.3272201e+00  -4.5042377e+00
  -9.9014921e-01  -4.2849870e+00
  -1.8538385e-01  -4.3362421e+00
   5.9988705e-01  -3.9389220e+00
  -5.4472509e-01  -5.3077516e+00
  -1.1919517e+00  -5.6744682e+00
  -8.4218073e-01  -3.3710044e+00
   4.9306506e-01  -5.0699281e+00
  -2.0153104e+00  -3.6088451e+00
  -3.6535045e-01  -4.6133487e+00
   6.6080808e-03  -3.9961907e+00
  -1.2577944e-01  -4.2156931e+00
  -1.0253639e+00  -3.2086926e+00
   4.3977327e-01  -2.8667014e+00
  -6.7890483e-01  -4.2953848e+00
  -6.9517082e-02  -4.3734079e+00
  -2.6448239e-03  -4.4829175e+00
  -4.2392732e-01  -4.9916982e+00
  -1.6738509e+00  -3.8242503e+00
  -4.5115070e-01  -4.5475211e+00
  -2.7555843e-01  -4.2320332e+00
   7.8875802e-01  -4.2762534e+00
   7.7117812e-01  -4.5377213e+00
  -7.7660474e-01  -5.3696261e+00
   2.0149229e-01  -3.7085789e+00
   1.1192477e+00  -2.2552440e+00
   9.5909188e-01  -3.7408908e+00
   7.4327505e-01  -3.9178343e+00
  -9.9815263e-02  -4.4368071e+00
   5.6806855e-01  -3.7623496e+00
  -7.7141121e-01  -3.5859669e+00
   8.0657159e-01  -4.0130681e+00
   1.9573977e-01  -3.6891329e+00
  -4.5000476e-01  -4.5819210e+00
   1.2440166e+00  -3.2571633e+00
   1.0943870e+00  -4.5176323e+00
   1.0011632e+00  -3.3068867e+00
   8.9386974e-01  -4.2120004e+00
   3.4216656e-01  -2.4294149e+00
   6.5558716e-01  -5.1968787e+00
   1.7477227e-01  -5.5315293e+00
   8.8920326e-01  -4.6688669e+00
   2.7964144e-01  -3.7084674e+00
   6.1437703e-01  -5.1375866e+00
  -1.1564953e-01  -4.8197384e+00
   3.3256440e-02  -2.5422890e+00
   6.7496747e-01  -5.1795049e+00
   1.0238638e+00  -4.3174118e+00
   1.1970949e+00  -4.3369171e+00
   5.8463499e-01  -3.0842722e+00
   8.1593198e-01  -3.0001355e+00
   4.3857925e-01  -4.1565196e+00
   9.4361144e-01  -4.3653228e+00
   9.2057889e-01  -3.6079876e+00
   3.7540353e-01  -4.8187104e+00
   3.5402837e-01  -4.2759667e+00
   1.2244990e+00  -4.0282174e+00
   1.4894309e+00  -4.6346137e+00
   1.1242703e+00  -3.4024375e+00
   1.2399898e+00  -4.6391588e+00
   1.2430352e+00  -4.5025731e+00
   8.5580290e-01  -4.4351053e+00
   1.6241216e+00  -5.4426641e+00
   1.0532965e+00  -4.1565665e+00
   9.8920028e-02  -3.9403569e+00
   6.5105639e-01  -3.2082827e+00
  -5.4959990e-01  -3.8257619e+00
   1.4326725e+00  -5.7042663e+00
   1.6896068e+00  -3.0177263e+00
   1.6617103e+00  -2.6961645e+00
   1.5938995e+00  -5.6076105e+00
   2.7221520e-01  -2.9426014e+00
   9.2381904e-01  -4.8855363e+00
  -5.1907770e-01  -4.9729674e+00
   6.3242156e-01  -3.5468828e+00
   1.7123801e+00  -2.6843179e+00
   2.0519811e+00  -4.6117693e+00
   1.3484280e+00  -3.6933220e+00
   1.7321229e+00  -4.9686871e+00
   7.2788976e-01  -4.2794654e+00
   1.2633627e+00  -2.5649209e+00
   1.6903609e+00  -4.7835120e+00
   1.4914413e+00  -3.9573061e+00
   1.3143575e+00  -2.8221286e+00
   3.0469356e+00  -3.8523544e+00
   1.7146152e+00  -4.9420616e+00
   2.3393579e+00  -4.6393978e+00
   1.7374200e+00  -3.7237570e+00
   1.4374911e+00  -3.5492263e+00
   1.6436991e+00  -2.1735089e+00
   2.8397031e+00  -2.1626211e+00
   2.4392189e+00  -3.8314008e+00
   1.8258783e+00  -3.7514188e+00
   2.4406922e+00  -4.1624180e+00
   1.9801504e+00  -4.5556963e+00
   2.5782200e+00  -4.2983957e+00
   6.8367848e-01  -4.1163913e+00
   1.3640067e+00  -4.5864584e+00
   1.3444025e+00  -3.3510249e+00
   1.7890817e+00  -5.1595635e+00
   3.0652753e+00  -3.6762407e+00
   2.5299113e+00  -4.7831614e+00
   1.7966278e+00  -2.8915135e+00
   1.0240557e+00  -3.4782035e+00
   3.3227402e+00  -4.4096415e+00
   2.9421937e-01  -5.4846934e+00
   1.9574064e+00  -2.6445206e+00
   1.7789396e+00  -3.9746232e+00
   6.6642993e-01  -3.5103475e+00
   2.2244072e+00  -3.2093355e+00
   1.5436049e+00  -2.5394832e+00
   2.0315406e+00  -5.1557075e+00
   2.0102890e+00  -2.5821720e+00
   2.6140569e+00  -5.2564975e+00
   3.7212794e+00  -3.2492818e+00
   2.3298445e+00  -3.7364639e+00
   2.1168031e+00  -3.9093386e+00
   1.4612964e+00  -2.7176678e+00
   2.2562953e+00  -2.8381710e+00
   2.8864346e+00  -3.5710015e+00
   2.7568175e+00  -4.4147306e+00
   2.8540666e+00  -2.2433582e+00
   3.4769355e+00  -3.3490366e+00
   2.8759709e+00  -3.6377264e+00
   1.6535633e+00  -4.2076962e+00
   1.7633427e+00  -3.9911187e+00
   3.3923518e+00  -2.6788003e+00
   3.7378087e+00  -3.0536879e+00
   3.6189456e+00  -5.1971989e+00
   2.6678374e+00  -5.7838424e+00
   3.6659969e+00  -4.0973617e+00
   3.5407798e+00  -2.7666888e+00
   2.3026870e+00  -4.2396315e+00
   2.4455654e+00  -3.6713184e+00
   2.8491639e+00  -3.7075911e+00
   3.1388159e+00  -4.3947598e+00
   2.6770782e+00  -3.7551771e+00
   2.6577351e+00  -4.0060030e+00
   2.3753773e+00  -3.2733664e+00
   3.1371675e+00  -2.8217571e+00
   2.7244513e+00  -2.8271222e+00
   3.2589578e+00  -3.7433299e+00
   2.5137491e+00  -2.7581633e+00
   9.6085027e-01  -2.3301624e+00
   3.5406407e+00  -4.3610618e+00
   4.7639833e+00  -3.3743572e+00
   3.9878162e+00  -7.6486757e-01
   2.4267231e+00  -3.1508536e+00
   4.5157479e-01  -4.1898017e+00
   2.5939126e+00  -2.4112765e+00
   2.6507000e+00  -3.0812250e+00
   2.9228199e+00  -2.5951369e+00
   5.5001415e+00  -3.2887725e+00
   2.3884862e+00  -3.6536133e+00
   2.7365961e+00  -3.7089299e+00
   5.0918765e+00  -3.1307896e+00
   3.3419661e+00  -3.8804805e+00
   2.7903506e+00  -2.4452514e+00
   3.3707623e+00  -2.3761221e+00
   3.3942340e+00  -3.5707063e+00
   4.6924270e+00  -2.9353926e+00
   5.7210936e+00  -2.0652669e+00
   2.0970136e+00  -4.0213129e+00
   2.5539631e+00  -3.3414024e+00
   3.4318850e+00  -2.3344411e+00
   4.7666033e+00  -2.7889692e+00
   3.5405430e+00  -3.6682410e+00
   3.6189667e+00  -2.6785240e+00
   3.8877030e+00  -1.6437494e+00
   2.5127726e+00  -2.3938858e+00
   2.3121864e+00  -1.7451202e+00
   5.9352617e+00  -1.9825757e+00
   2.4537188e+00  -2.6956302e+00
   3.2578096e+00  -4.0147149e+00
   2.8104210e+00  -4.5436209e+00
   3.0799072e+00  -1.7823326e+00
   4.0206209e+00  -4.9694129e+00
   4.7440073e+00  -1.9184174e+00
   2.6255730e+00  -3.3461945e+00
   4.0672629e+00  -3.8995307e+00
   2.7905489e+00  -3.5969804e+00
   4.2403383e+00  -2.5890604e+00
   3.2212415e+00  -3.6825493e+00
   3.5075669e+00  -3.4525543e+00
   5.0990782e+00  -4.3566436e+00
   3.2899713e+00  -3.7845216e+00
   5.0623345e+00  -1.8930708e+00
   3.1303889e+00  -2.8933288e+00
   4.3349150e+00  -2.2633679e+00
   1.4459808e+00  -4.2807646e+00
   3.4892749e+00  -1.3664267e+00
   4.3750905e+00  -3.3650848e+00
   4.5317373e+00  -3.0276768e+00
   2.9310490e+00  -2.2888716e+00
   3.6327372e+00  -2.5084067e+00
   3.1497157e+00  -2.3155556e+00
   3.3973083e+00  -3.2965272e+00
   4.9626737e+00  -2.2886180e+00
   2.9349668e+00  -1.0171831e+00
   3.3948686e+00  -2.1445858e+00
   3.1011108e+00  -4.0073398e-01
   5.9614523e+00  -2.2000355e+00
   3.5059054e+00  -1.2470198e+00
   4.5144381e+00  -2.2068347e+00
   5.6976888e+00  -9.8594965e-01
   4.3829175e+00  -1.5210633e+00
   4.2228851e+00  -1.6986073e+00
   5.0043987e+00  -9.6083731e-01
   3.4594599e+00  -1.9006635e+00
   4.9163180e+00  -3.2010885e+00
   4.2012417e+00  -2.5676458e+00
   4.0460877e+00  -1.6861274e+00
   3.6603414e+00  -1.1461945e+00
   4.4968426e+00  -4.3409468e-01
   4.2956398e+00  -2.1134319e+00
   4.5928312e+00  -1.3030197e+00
   5.4541945e+00  -2.8219986e+00
   4.9275295e+00  -3.0362807e+00
   5.0831532e+00  -2.8407729e+00
   4.4295298e+00  -2.7469702e-01
   4.6045766e+00  -2.3341015e+00
   3.9308832e+00  -1.6082952e+00
   4.9807076e+00  -2.3485158e+00
   4.9084918e+00  -2.2884999e+00
   4.5393616e+00  -1.3377527e+00
   4.2360374e+00  -1.6219233e+00
   5.3190477e+00  -1.8426153e+00
   2.5545727e+00  -9.3999310e-01
   3.5107840e+00  -1.1104698e+00
   4.0553551e+00  -4.5240289e-01
   3.1727916e+00  -2.0665040e+00
   4.9560441e+00  -7.6753970e-01
   4.5524525e+00  -1.8486180e+00
   3.5213825e+00  -1.2027929e+00
   3.4238254e+00   8.6873931e-01
   4.4185819e+00  -7.5862418e-01
   5.2274613e+00  -4.6124739e-01
   4.2219700e+00   4.2093876e-01
   4.9217500e+00  -1.0013194e+00
   4.9468412e+00  -7.8841997e-02
   5.8665193e+00  -1.2932773e+00
   2.7945127e+00  -1.9764739e+00
   3.0518509e+00  -2.4648077e+00
   5.1380885e+00  -1.9206703e+00
   6.0596444e+00  -4.2430759e-01
   4.1257735e+00  -1.0405586e+00
   5.6825152e+00  -7.2306055e-01
   4.1028119e+00   6.6330647e-01
   5.0243037e+00   8.1004555e-01
   5.9692120e+00  -6.9342732e-01
   4.5493179e+00  -1.7780193e+00
   6.2069957e+00   5.1305509e-01
   4.8665731e+00  -1.3389496e+00
   4.9717571e+00  -1.4826208e+00
   4.4722658e+00  -1.0284649e+00
   4.9770309e+00  -7.6544634e-01
   5.9146965e+00  -1.5169252e+00
   6.0329968e+00   4.6185584e-01
   5.4454796e+00  -3.1542775e-01
   3.6474720e+00   1.6541082e-01
   4.9581188e+00  -9.6665973e-01
   5.5326843e+00   1.5424910e-01
   6.9705636e+00  -2.9633148e-01
   3.3535547e+00  -2.0022709e+00
   3.6879370e+00  -1.6906459e+00
   4.3898020e+00   5.3167953e-01
   4.3391142e+00  -1.1004048e+00
   3.3419123e+00   8.2255420e-02
   5.0578903e+00  -6.5549815e-01
   4.9460989e+00  -7.5795271e-01
   5.5603306e+00   1.8608228e+00
   5.3975980e+00   9.2259981e-01
   5.4779324e+00  -8.9778077e-02
   7.1961389e+00  -1.8358421e+00
   4.4855776e+00   1.2358731e+00
   4.7368128e+00   4.4090409e-01
   4.5582156e+00   1.3810179e+00
   5.8874707e+00  -5.6457566e-01
   4.7251032e+00  -6.1912339e-01
  -1.0034442e+00  -5.8088952e-03
  -1.0052570e+00  -1.6162726e-02
  -1.0141539e+00  -2.0029754e-02
  -1.0088239e+00  -3.0500003e-02
  -1.0187508e+00  -3.3741595e-02
  -1.0299133e+00  -4.3104376e-02
  -1.0374903e+00  -3.4414549e-02
  -1.0111858e+00  -4.5747615e-02
  -1.0366371e+00  -4.9005119e-02
  -1.0336778e+00  -6.2433363e-02
  -1.0492989e+00  -6.6581276e-02
  -1.0417733e+00  -8.0806066e-02
  -1.0542947e+00  -7.4537260e-02
  -1.0439562e+00  -7.9165735e-02
  -1.0333719e+00  -1.0718608e-01
  -1.0572630e+00  -1.1570885e-01
  -1.0651326e+00  -1.4368560e-01
  -1.0537900e+00  -1.1670497e-01
  -1.0962415e+00  -1.4826443e-01
  -1.0241452e+00  -1.5391778e-01
  -1.1077701e+00  -1.4620618e-01
  -1.0718004e+00  -1.5723837e-01
  -1.0544538e+00  -1.6901518e-01
  -1.0518431e+00  -1.5986535e-01
  -1.1046328e+00  -1.8374273e-01
  -1.0283326e+00  -1.7571514e-01
  -1.0753907e+00  -1.7539524e-01
  -1.0891362e+00  -1.7484787e-01
  -1.0873777e+00  -1.8522276e-01
  -1.0875409e+00  -2.3380569e-01
  -1.1014554e+00  -1.9848566e-01
  -1.0953983e+00  -2.4572520e-01
  -1.1297613e+00  -2.5532015e-01
  -1.1308076e+00  -2.2651171e-01
  -1.1496013e+00  -1.6675416e-01
  -1.1013956e+00  -2.6304704e-01
  -1.1549738e+00  -2.5804328e-01
  -1.1155947e+00  -2.9052870e-01
  -1.1838714e+00  -2.5504194e-01
  -1.1206024e+00  -3.0367302e-01
  -1.1470116e+00  -3.0571101e-01
  -1.1566823e+00  -2.5275867e-01
  -1.1220958e+00  -2.9128081e-01
  -1.1732402e+00  -3.2916395e-01
  -1.0754751e+00  -3.5294828e-01
  -1.1397750e+00  -3.6090854e-01
  -1.1063472e+00  -3.0074046e-01
  -1.1709359e+00  -3.5632049e-01
  -1.1220657e+00  -3.0318155e-01
  -1.0954159e+00  -4.1978175e-01
  -1.1437969e+00  -3.6455113e-01
  -1.0829645e+00  -4.2584752e-01
  -1.0800263e+00  -4.0630144e-01
  -1.1111427e+00  -4.0430986e-01
  -1.1143141e+00  -3.2835112e-01
  -1.0957602e+00  -3.6149110e-01
  -1.2968831e+00  -4.8156508e-01
  -1.1033598e+00  -5.2814900e-01
  -1.2583845e+00  -4.1875406e-01
  -1.1062881e+00  -3.0483571e-01
  -1.1355815e+00  -4.3004238e-01
  -1.2584780e+00  -4.2357692e-01
  -1.2130701e+00  -3.7559633e-01
  -1.1263017e+00  -4.6328372e-01
  -1.1718935e+00  -4.9523088e-01
  -1.0373004e+00  -4.7965563e-01
  -1.1675440e+00  -4.1669356e-01
  -1.0844035e+00  -5.9837991e-01
  -1.1935778e+00  -6.1075496e-01
  -1.1112403e+00  -4.0121655e-01
  -1.1402396e+00  -5.2988978e-01
  -1.1823145e+00  -6.3721495e-01
  -1.2113562e+00  -6.6192329e-01
  -1.1668133e+00  -5.8344044e-01
  -1.2021367e+00  -6.5879619e-01
  -1.1356721e+00  -6.6326120e-01
  -1.1025691e+00  -5.8139177e-01
  -1.1829752e+00  -6.2437868e-01
  -9.6340893e-01  -7.4512766e-01
  -1.2251125e+00  -6.9372384e-01
  -1.1545304e+00  -6.5313024e-01
  -1.0681428e+00  -6.7524136e-01
  -1.1976169e+00  -7.0635543e-01
  -1.0939569e+00  -6.6998589e-01
  -1.1629761e+00  -6.7269159e-01
  -9.7678167e-01  -7.4296520e-01
  -1.1853303e+00  -7.4288818e-01
  -1.1070563e+00  -7.7750234e-01
  -1.1158016e+00  -6.3268218e-01
  -1.0642111e+00  -8.4307511e-01
  -1.0893786e+00  -6.6832848e-01
  -1.2207872e+00  -6.3469810e-01
  -1.1199368e+00  -7.3104644e-01
  -1.0672746e+00  -8.5691015e-01
  -1.1581682e+00  -8.4878495e-01
  -1.0596634e+00  -7.4925891e-01
  -1.2234078e+00  -6.5175969e-01
  -1.1098033e+00  -8.0073342e-01
  -1.1871706e+00  -8.4827150e-01
  -1.0181517e+00  -6.4167137e-01
  -1.1689936e+00  -7.8751756e-01
  -1.1436679e+00  -9.5210632e-01
  -1.1206591e+00  -8.6925613e-01
  -1.2474044e+00  -9.5723740e-01
  -1.1906133e+00  -7.8352467e-01
  -1.1034600e+00  -8.2230261e-01
  -1.1615609e+00  -9.6959433e-01
  -9.7229538e-01  -8.6899916e-01
  -1.1387296e+00  -9.4118464e-01
  -1.1170546e+00  -7.2816610e-01
  -1.0732222e+00  -1.0115553e+00
  -1.3238447e+00  -1.0209303e+00
  -9.2523339e-01  -9.9161563e-01
  -1.2153516e+00  -1.0187667e+00
  -9.8597703e-01  -9.0412994e-01
  -1.1332802e+00  -1.1279086e+00
  -1.0797397e+00  -9.8313763e-01
  -1.2204339e+00  -1.1292591e+00
  -1.1251178e+00  -8.6628998e-01
  -1.0164809e+00  -1.0884174e+00
  -1.1911006e+00  -1.0876833e+00
  -1.0183106e+00  -1.0620940e+00
  -9.0034965e-01  -1.1427583e+00
  -9.9302597e-01  -1.2696785e+00
  -1.0071432e+00  -1.0161225e+00
  -1.0006660e+00  -1.3224805e+00
  -1.1144400e+00  -8.8381337e-01
  -8.8277084e-01  -1.2288357e+00
  -1.0787480e+00  -1.1845040e+00
  -8.8753200e-01  -1.0188782e+00
  -1.0800833e+00  -8.8735333e-01
  -1.0330956e+00  -1.1860477e+00
  -8.9661870e-01  -1.0916395e+00
  -1.1782141e+00  -1.3406407e+00
  -8.7714001e-01  -1.2068202e+00
  -1.0335704e+00  -1.0150129e+00
  -1.1370747e+00  -1.1022478e+00
  -1.0895817e+00  -1.0117965e+00
  -9.9634906e-01  -1.2884480e+00
  -1.0622507e+00  -1.1322965e+00
  -1.0654419e+00  -1.1063306e+00
  -8.2546361e-01  -1.2653211e+00
  -1.0845051e+00  -1.2901091e+00
  -8.3446510e-01  -1.3250462e+00
  -9.9047224e-01  -1.2526458e+00
  -9.2080284e-01  -1.2199175e+00
  -1.1051814e+00  -1.1877011e+00
  -8.3985766e-01  -1.3016211e+00
  -1.0216206e+00  -1.2583116e+00
  -1.1797639e+00  -1.4310578e+00
  -1.1126281e+00  -1.4770801e+00
  -8.9016090e-01  -8.9172653e-01
  -1.1151547e+00  -1.2435673e+00
  -1.2179301e+00  -1.3749269e+00
  -7.3720733e-01  -1.1361721e+00
  -8.1809489e-01  -1.3265815e+00
  -9.7804366e-01  -1.2121541e+00
  -1.1142891e+00  -1.5104712e+00
  -8.2300304e-01  -1.0439512e+00
  -8.6723618e-01  -1.4268893e+00
  -1.0029702e+00  -1.3090728e+00
  -7.3811967e-01  -1.5144353e+00
  -1.0054073e+00  -1.3370594e+00
  -9.2794926e-01  -1.3986520e+00
  -8.6088556e-01  -1.4375219e+00
  -6.8729235e-01  -1.2796134e+00
  -8.5429712e-01  -1.5116855e+00
  -6.1561097e-01  -1.5587383e+00
  -6.7217925e-01  -1.6612165e+00
  -7.7054858e-01  -1.3750167e+00
  -9.6235103e-01  -1.4456307e+00
  -8.0047616e-01  -1.1680306e+00
  -5.3119284e-01  -1.5743079e+00
  -6.4317486e-01  -1.5474630e+00
  -8.4735821e-01  -1.1936772e+00
  -8.9120240e-01  -1.6269279e+00
  -6.7146396e-01  -1.6742082e+00
  -5.3946880e-01  -1.7713998e+00
  -7.0389286e-01  -1.2063536e+00
  -4.7932172e-01  -1.4453971e+00
  -7.9107612e-01  -1.3491972e+00
  -6.5028961e-01  -1.7166425e+00
  -5.9559378e-01  -1.4296003e+00
  -9.1419166e-01  -1.4935175e+00
  -7.2718537e-01  -1.6462233e+00
  -7.3701436e-01  -1.5303523e+00
  -5.8461493e-01  -1.4320574e+00
  -9.7404694e-01  -1.6033379e+00
  -4.3352698e-01  -1.8457940e+00
  -7.6100402e-01  -1.4413640e+00
  -3.2933884e-01  -1.7240325e+00
  -6.8505373e-01  -1.6932576e+00
  -2.0412959e-01  -1.7657677e+00
  -7.0403351e-01  -1.8965489e+00
  -6.5611325e-01  -1.5068109e+00
  -4.2130482e-01  -1.4037212e+00
  -8.9872593e-01  -1.6054048e+00
  -4.1616999e-01  -1.3844493e+00
  -8.1585721e-01  -1.8772308e+00
  -4.2293760e-01  -1.9030364e+00
  -4.2855423e-01  -1.6065686e+00
  -4.5738425e-01  -1.4623221e+00
  -3.4832651e-01  -1.7322359e+00
  -4.4202732e-01  -1.6874977e+00
  -5.9568129e-01  -1.8937444e+00
  -5.8207244e-01  -1.5688889e+00
  -6.6263423e-01  -1.8832224e+00
  -5.2832354e-01  -2.2234950e+00
  -1.0011416e+00  -2.0748012e+00
  -2.2008802e-01  -1.8886149e+00
  -6.4621695e-01  -1.9751974e+00
  -4.1632439e-01  -2.3266011e+00
  -2.4473603e-01  -1.7489983e+00
  -1.8723379e-01  -1.6622207e+00
  -3.2659365e-01  -1.7291119e+00
  -6.0758897e-01  -1.8087188e+00
  -4.0352529e-01  -1.8282902e+00
  -6.9019334e-01  -2.0817684e+00
  -1.2744449e-01  -1.9576595e+00
  -5.2763041e-01  -1.7408296e+00
  -9.3752662e-02  -1.8298165e+00
  -2.8389381e-01  -1.8452651e+00
  -2.9786450e-01  -1.7715885e+00
   7.2060661e-02  -1.6773728e+00
  -1.9941703e-01  -1.7213192e+00
   5.7577039e-02  -1.8280126e+00
  -8.6706280e-01  -1.9793847e+00
  -6.9946774e-02  -1.8087835e+00
  -4.3183757e-01  -2.0142682e+00
  -4.3291145e-01  -2.3686538e+00
   5.5948057e-02  -1.9430831e+00
  -8.4525330e-02  -1.8451300e+00
  -5.9993358e-02  -1.7741747e+00
  -6.8004805e-02  -1.3912782e+00
  -7.4552632e-02  -1.6817803e+00
  -1.9750016e-01  -1.9791835e+00
  -2.7775540e-01  -1.9475616e+00
  -4.4956041e-02  -1.9259544e+00
  -2.9453779e-03  -2.0886310e+00
  -4.0052549e-01  -1.7739540e+00
  -8.6895844e-02  -1.8348231e+00
  -4.3476912e-02  -1.8916691e+00
  -4.8839062e-01  -2.2048532e+00
   1.2494145e-01  -2.2812263e+00
  -1.9842122e-01  -1.7426586e+00
  -3.1388679e-01  -1.5409890e+00
  -9.3335006e-02  -2.4253405e+00
   3.0568358e-01  -1.7978064e+00
   2.8519280e-01  -2.0625763e+00
   4.2439645e-01  -1.9777135e+00
   3.8768246e-01  -2.0050439e+00
   2.8765799e-02  -2.0883012e+00
   6.6509143e-04  -1.6545588e+00
  -8.0456894e-02  -2.2361747e+00
   6.1620171e-02  -2.4515277e+00
   3.6765479e-01  -2.4451847e+00
   6.3363133e-02  -1.7045275e+00
   1.2058783e-01  -1.8596836e+00
   8.0657948e-02  -2.3879744e+00
   1.8124995e-01  -1.4344768e+00
  -1.3733897e-02  -1.9342371e+00
   8.3742077e-02  -2.0402517e+00
  -2.1331186e-02  -2.2558080e+00
   2.4887934e-01  -2.0622313e+00
   1.7033998e-01  -2.0549110e+00
  -3.8119722e-02  -2.2198985e+00
   3.5839905e-01  -2.0287505e+00
   2.2374741e-01  -1.9017911e+00
   4.4884773e-02  -1.7345831e+00
   2.6726772e-01  -1.8286097e+00
   2.3793983e-01  -2.0147395e+00
   6.1485967e-01  -2.0938028e+00
   4.6568922e-01  -2.1136539e+00
   9.0649650e-02  -2.3586594e+00
   3.1864455e-01  -2.1095530e+00
   2.4988051e-01  -2.1286762e+00
  -6.2312264e-02  -2.0985146e+00
  -1.1702971e-01  -2.0603468e+00
   4.7123276e-01  -1.6841882e+00
   2.2260289e-01  -2.0595523e+00
   2.5758167e-01  -1.8535885e+00
  -2.8338305e-02  -2.3230124e+00
   3.2919649e-01  -1.9761471e+00
   3.3490053e-01  -2.0381604e+00
   1.0744436e-01  -1.7406403e+00
   4.9628883e-01  -2.4942154e+00
  -1.0520985e-01  -2.1355916e+00
   3.7773060e-01  -2.1547462e+00
   8.8855071e-01  -1.8798849e+00
   5.1836261e-01  -1.9356696e+00
   5.4703179e-01  -2.2847700e+00
   3.1406078e-01  -1.7066851e+00
   7.1545224e-01  -2.0129091e+00
   1.9783065e-01  -2.2005739e+00
   9.0471238e-01  -1.9177198e+00
   8.3904423e-01  -1.9768996e+00
   3.5841246e-01  -2.1408286e+00
   8.0151130e-01  -2.2839118e+00
   4.7439163e-01  -1.3813667e+00
   7.4810137e-01  -2.7652461e+00
   5.7621971e-01  -1.8445987e+00
   8.0827601e-01  -2.4119793e+00
   8.3141127e-01  -2.2711950e+00
   7.7513302e-01  -2.0850684e+00
   8.4367807e-01  -1.9813775e+00
   7.9683346e-01  -2.3195462e+00
   4.7351780e-01  -1.8617273e+00
   8.2676578e-01  -1.9560628e+00
   1.0760210e+00  -2.5625355e+00
   7.7360239e-01  -2.0551275e+00
   2.0938810e-01  -2.1690835e+00
   8.5825071e-01  -2.0160864e+00
   9.4717076e-01  -1.7440950e+00
   8.0343056e-01  -2.6553873e+00
   1.6687039e+00  -2.4096960e+00
   6.4948963e-01  -2.4877570e+00
   8.0242598e-01  -2.1393445e+00
   6.5492847e-01  -1.8178141e+00
   1.9235542e+00  -2.1095953e+00
   1.1260386e+00  -2.4417089e+00
   1.5472408e+00  -1.6750970e+00
   1.0098671e+00  -2.1566722e+00
   7.4743302e-01  -2.2039034e+00
   7.3627252e-01  -2.0698637e+00
   1.0519789e+00  -2.3134103e+00
   1.1561141e+00  -1.4476729e+00
   4.3656600e-01  -2.3519443e+00
   1.0000526e+00  -1.9198066e+00
   1.0197823e+00  -2.3675521e+00
   7.4519050e-01  -2.3883481e+00
   1.4483332e+00  -2.2336515e+00
   1.3160331e+00  -1.8056924e+00
   1.7724286e+00  -2.2315301e+00
   7.5271375e-01  -1.2884859e+00
   1.5805486e+00  -2.6579085e+00
   1.3633513e+00  -2.4350688e+00
   1.4250422e+00  -2.4047680e+00
   1.4310650e+00  -2.1910299e+00
   1.6175077e+00  -1.6187039e+00
   9.6889200e-01  -1.9361754e+00
   1.2220347e+00  -2.1768875e+00
   6.3075433e-01  -1.6931544e+00
   1.7965513e+00  -1.7390780e+00
   8.6724993e-01  -1.5969075e+00
   1.3019086e+00  -2.2972999e+00
   5.6360556e-01  -2.0827140e+00
   1.5822110e+00  -2.0602395e+00
   1.3113933e+00  -2.6527999e+00
   1.9419426e+00  -2.4542311e+00
   9.1046168e-01  -2.3223477e+00
   1.3081472e+00  -2.2953341e+00
   2.0866162e+00  -1.6920980e+00
   1.0646625e+00  -2.3942844e+00
   1.8111680e+00  -2.1842416e+00
   1.6833648e+00  -1.3390977e+00
   9.0705257e-01  -1.7693371e+00
   1.2139352e+00  -1.2491687e+00
   1.4772046e+00  -2.6574228e+00
   1.4902944e+00  -2.3265408e+00
   1.7893034e+00  -2.2341230e+00
   1.6905601e+00  -2.1404870e+00
   1.6226184e+00  -2.0019898e+00
   1.3769676e+00  -1.5760844e+00
   1.5604089e+00  -1.6436427e+00
   1.2884152e+00  -1.8734046e+00
   1.5378347e+00  -2.1215520e+00
   1.3562857e+00  -1.9859815e+00
   1.3939222e+00  -1.5427981e+00
   9.2253286e-01  -2.4501537e+00
   7.7772304e-01  -1.2122332e+00
   1.6202405e+00  -1.6802016e+00
   2.0079943e+00  -2.3307773e+00
   1.6133567e+00  -1.0218740e+00
   1.4884838e+00  -1.3906553e+00
   1.1920494e+00  -1.2822503e+00
   1.6608799e+00  -1.7152151e+00
   1.8722743e+00  -1.9723778e+00
   2.1650469e+00  -1.7720131e+00
   1.0728166e+00  -1.9979026e+00
   2.0440057e+00  -1.5848608e+00
   1.4725339e+00  -1.6514813e+00
   1.2827664e+00  -1.9925611e+00
   1.9917591e+00  -2.0706553e+00
   2.4671861e+00  -2.2199585e+00
   2.0298610e+00  -1.8228975e+00
   2.1336065e+00  -1.7836824e+00
   1.2413801e+00  -1.4896134e+00
   1.8484230e+00  -1.3491936e+00
   2.0219845e+00  -1.7245424e+00
   1.9346765e+00  -2.1103582e+00
   1.4811745e+00  -1.9876998e+00
   2.0233905e+00  -1.5462387e+00
   1.4430325e+00  -1.2960212e+00
   1.8717747e+00  -1.4133383e+00
   1.6379816e+00  -1.7681420e+00
   2.0996967e+00  -2.0297572e+00
   1.6760709e+00  -1.6648439e+00
   2.9297626e+00  -1.2519183e+00
   2.5553659e+00  -1.5200919e+00
   2.3895399e+00  -5.6874741e-01
   2.2623849e+00  -8.9242449e-01
   2.2538531e+00  -1.5628489e+00
   1.4596562e+00  -9.5452867e-01
   2.2175045e+00  -2.0342682e+00
   2.2466194e+00  -2.0461658e+00
   2.1808528e+00  -1.0515662e+00
   2.4138708e+00  -1.9020878e+00
   2.3856233e+00  -2.0357612e+00
   2.4674251e+00  -1.2809116e+00
   2.1654368e+00  -1.7652926e+00
   1.7689127e+00  -1.2119510e+00
   1.6636061e+00  -1.1795608e+00
   1.8030172e+00  -1.1718095e+00
   2.3379618e+00  -4.5188315e-01
   2.2211214e+00  -1.2179065e+00
   2.0538375e+00  -1.8646884e+00
   2.1893260e+00  -1.1566950e+00
   1.6998633e+00  -6.4386451e-01
   2.5728417e+00  -1.7823901e+00
   2.6663370e+00  -1.6456843e+00
   2.7318477e+00  -1.1817978e+00
   2.6396432e+00  -9.5862029e-01
   2.5812796e+00  -1.5672528e+00
   3.1290833e+00  -1.3338887e+00
   3.0124453e+00  -1.0961493e+00
   2.4561772e+00  -1.7297479e+00
   2.9020329e+00  -1.0874040e+00
   1.9629581e+00  -6.7354474e-01
   3.2301485e+00  -1.4052013e+00
   2.6603346e+00  -1.8790702e+00
   2.9127198e+00  -1.1579173e+00
   2.3237090e+00  -1.1294262e+00
   2.5620061e+00  -6.4451060e-01
   2.7445591e+00  -1.4066074e+00
   2.0381138e+00  -1.1517339e+00
   2.3664568e+00  -1.3170666e+00
   1.6555645e+00  -8.0529829e-01
   2.5843092e+00  -5.1195089e-01
   2.9548941e+00  -1.0918013e+00
   2.3517082e+00  -1.2558482e+00
   2.3802833e+00  -5.7827337e-01
   2.3158935e+00  -7.6814075e-01
   2.7340090e+00   3.9285835e-02
   3.0752236e+00  -1.3575826e-01
   2.7720129e+00  -5.2651458e-01
   2.8273506e+00  -1.0443815e+00
   3.2562384e+00  -1.2446656e+00
   2.2333377e+00  -8.1649508e-01
   2.7422823e+00  -8.0371741e-01
   2.3925529e+00  -9.0385696e-01
   3.0117209e+00  -4.9037325e-01
   2.9024051e+00  -5.6305939e-01
   2.8904881e+00  -8.8555638e-01
   2.9751959e+00  -1.1931884e+00
   2.8446133e+00  -9.5898390e-01
   2.9049021e+00  -1.0775858e+00
   3.3112299e+00  -5.4509709e-02
   3.0705985e+00  -1.7667535e+00
   1.9747960e+00  -1.0535186e+00
   2.8371541e+00  -4.8862405e-01
   2.8741407e+00  -8.0416459e-01
   2.0741261e+00  -9.7959631e-01
   2.1112836e+00  -1.1687869e-01
   3.8094251e+00  -4.7439864e-01
   3.3701952e+00  -7.3633900e-01
   3.4373035e+00  -8.1044842e-01
   3.0380591e+00  -7.3678678e-01
   2.8919152e+00  -1.2240110e+00
   3.3392774e+00  -4.0428902e-01
   3.5124404e+00   2.3163488e-01
   2.2170531e+00  -3.6378647e-01
   2.8095663e+00  -2.0464735e-01
   2.7054649e+00  -3.9739238e-01
   2.7884246e+00  -3.3826780e-02
   3.0253847e+00  -1.1633605e+00
   2.5139468e+00  -5.2915184e-01
   3.2907947e+00  -5.3249325e-01
   3.9004687e+00  -8.7296990e-01
   3.0250993e+00  -4.0238352e-01
   1.8745339e+00  -6.4094288e-01
   2.3555492e+00  -8.1937143e-01
   3.0777721e+00  -3.0209373e-01
   2.8937173e+00  -1.3559877e-01
   3.0332462e+00   6.1217587e-01
   2.8979134e+00  -2.0264234e-01
   3.7176132e+00   1.8769813e-02
   3.5898801e+00  -3.2663770e-01
   3.4573032e+00  -4.2462597e-01
   3.0257951e+00  -4.4793556e-01
   2.5971620e+00   3.5456221e-01
   3.0418130e+00   6.6684902e-01
   3.3962086e+00  -1.5462068e-01
   3.2544771e+00  -5.5149925e-01
   3.5789724e+00   2.1741161e-01
   2.2191196e+00  -4.7769308e-01
   3.9300189e+00  -3.8135137e-02
   2.9390604e+00   5.2981211e-01
   2.0384530e+00   3.0640703e-01
   2.6114308e+00  -5.2901025e-01
   2.7378336e+00  -8.9961787e-02
   2.7200647e+00   5.2757878e-01
   3.5213336e+00   1.9909964e-01
   4.1622696e+00   2.5658784e-01
   1.7867893e+00  -9.7698459e-02
   2.8744877e+00   1.9822317e-01
   3.0746462e+00   4.8028957e-01
   2.3281022e+00   3.1881937e-01
   2.8666168e+00   6.0987642e-01
   3.4815517e+00   4.8125091e-01
   3.3714276e+00   9.5201185e-01
   3.0679063e+00   9.5606741e-01
   2.9974055e+00  -2.4297100e-02
   2.6841378e+00  -2.1336368e-01
   2.1446900e+00   6.9899197e-01
   3.4821145e+00  -3.0459925e-01
   2.3140375e+00   5.3748969e-01
   3.4018038e+00   5.9090712e-01
   3.8059143e+00   2.1641247e-01
   2.7131515e+00  -8.3577528e-01
   3.2459850e+00   4.7036102e-01
   2.8640118e+00   2.5852488e-01
   1.8756399e+00   2.4858818e-01
   2.0010526e+00  -1.4760410e-02
   2.2846551e+00   9.8087138e-01
   2.2540075e+00   9.4929718e-01
   2.3653620e+00   1.1188947e+00
   1.6153537e+00   1.5573642e-01
   2.9377905e+00   6.3173689e-01
   3.0287154e+00   4.9414547e-01
   2.9970307e+00   4.0716015e-01
   3.6283750e+00   8.2560721e-01
   2.8228430e+00   5.9904349e-01
   3.2745992e+00   2.6732414e-01
   2.5810716e+00   8.4139661e-01
   3.5960608e+00   1.1624333e-01
   3.2010289e+00   1.0262334e+00
   2.1172682e+00   1.4565166e-01
   3.5510435e+00  -1.8915908e-01
   3.9680666e+00   4.4875010e-01
   2.4934104e+00   9.1818882e-01
   3.9314754e+00   1.1549294e+00
   3.3600306e+00   4.7594710e-01
   3.0801134e+00   8.3622731e-01
   2.5311602e+00   1.2198586e+00
   3.4976106e+00   1.0398918e+00
   3.7836406e+00   1.5517457e+00
   3.1802049e+00   1.3468008e+00
   3.5187284e+00   1.1592251e+00
   2.3435443e+00   2.8324180e-01
   2.9122602e+00   8.7063256e-01
   3.4614653e+00   1.5738096e+00
   3.4104184e+00   4.1457717e-01
   2.5091374e+00   5.8323600e-01
   3.2406131e+00   5.2173579e-01
   3.0067265e+00   1.7105042e+00
   2.4292160e+00   1.4893125e+00
   3.3541078e+00   1.4610947e+00
   2.3707584e+00   1.8384953e+00
   2.8448583e+00   1.0745595e+00
   2.6275557e+00   8.5928508e-01
   2.4384202e+00   6.2132886e-01
   3.2199993e+00   6.2540918e-01
   2.9395236e+00   5.6181915e-01
   2.2317687e+00   7.6218020e-01
   3.1841040e+00   1.1514062e+00
   2.9495502e+00   1.1930875e+00
   3.3487582e+00   1.2908788e+00
   2.9853436e+00   5.9082690e-01
   2.8468321e+00   2.3643977e+00
   3.4791170e+00   1.2487476e+00
   3.6324405e+00   1.6025648e+00
   2.3234250e+00   1.0861915e+00
   3.1748410e+00   1.0324698e+00
   3.2870965e+00   2.0143669e+00
   2.5303087e+00   9.2604424e-01
   4.0309483e+00   1.0927200e+00
   3.8189341e+00   1.3183897e+00
   1.9645518e+00   1.4281880e+00
   2.4179295e+00   1.9267999e+00
   3.4586904e+00   2.5083308e+00
   2.3890744e+00   1.8899953e+00
   2.3397460e+00   1.5812495e+00
   3.5552594e+00   1.1674424e+00
   2.6132413e+00   1.6341715e+00
   3.3685681e+00   2.4784114e+00
   2.2727440e+00   1.2669516e+00
   1.6049001e+00   1.0943510e+00
   2.9374572e+00   2.6851058e+00
   3.1006001e+00   6.0558160e-01
   2.5787704e+00   1.5417212e+00
   1.8365967e+00   2.3352389e+00
   3.1053321e+00   2.5252205e+00
   2.0980200e+00   7.8635872e-01
   2.1410704e+00   2.6777423e+00
   2.3506212e+00   2.1769304e+00
   2.6659760e+00   2.2595055e+00
   2.2655839e+00   2.5243947e+00
   2.5338610e+00   9.7134051e-01
   3.3768434e+00   1.1625149e+00
   3.5414225e+00   2.7725885e+00
   2.2501418e+00   2.2611032e+00
   1.7057918e+00   1.7013886e+00
   2.1361643e+00   2.6239140e+00
   3.1114514e+00   8.1215743e-01
   2.3294803e+00   3.0054044e+00
   3.6040704e+00   3.1466761e+00
   2.8368853e+00   5.2557292e-01
   3.7877796e+00   2.0690941e+00
   1.4934674e+00   1.5796288e+00
   1.3155398e+00   3.2590127e+00
   2.6866069e+00   2.6225424e+00
   2.9530304e+00   1.4411803e+00
   2.9807050e+00   2.0752798e+00
   1.8679398e+00   1.9458712e+00
   1.7262782e+00   2.6713093e+00
   2.0191028e+00   3.2381664e+00
   2.2542616e+00   2.0690714e+00
   2.8080435e+00   1.9680409e+00
   4.0153460e+00   1.2295377e+00
   3.1182216e+00   2.1158464e+00
   2.1443610e+00   3.4133599e+00
   2.8069348e+00   3.4443253e+00
   2.0152910e+00   2.3891639e+00
   1.7302343e+00   3.0749258e+00
   1.9158579e+00   2.3183382e+00
   2.5584473e+00   1.7933617e+00
   3.4039413e+00   2.8598994e+00
   2.6909317e+00   3.0894762e+00
   2.7355756e+00   1.1173391e+00
   2.0547525e+00   2.3976481e+00
   2.2739681e+00   2.7497123e+00
   2.3142085e+00   2.1675075e+00
   2.4521721e+00   3.5574434e+00
   1.9558842e+00   3.5617861e+00
   2.1761317e+00   2.1949908e+00
   2.6294319e+00   2.3735909e+00
   1.2061436e+00   2.6191865e+00
   2.3785777e+00   1.9165113e+00
   2.6691687e+00   1.6639026e+00
   1.0538801e+00   2.6002296e+00
   1.8643170e+00   3.4026283e+00
   2.2925786e+00   1.6605415e+00
   2.0311005e+00   2.8889004e+00
   1.0089300e+00   3.0881194e+00
   2.2338463e+00   2.8426383e+00
   1.1900739e+00   2.3862432e+00
   2.4425015e+00   2.3781898e+00
   2.4716684e+00   1.6675218e+00
   3.5890243e+00   2.6233094e+00
   1.3936721e+00   2.8902678e+00
   2.8727773e+00   2.3201337e+00
   2.4222052e+00   2.4608697e+00
   2.2361735e+00   2.5716833e+00
   2.1730156e+00   2.3912384e+00
   2.4310310e+00   1.4304095e+00
   1.1782584e+00   2.5034654e+00
   2.4256894e+00   2.5153280e+00
   2.1982723e+00   1.8895168e+00
   1.4765117e+00   2.1405722e+00
   2.0670516e+00   3.3879425e+00
   1.7609828e+00   3.3758665e+00
   2.3878028e+00   2.2264560e+00
   2.5623375e+00   2.9624819e+00
   7.8857103e-01   3.8902621e+00
   1.0895779e+00   3.2114602e+00
   2.4683636e+00   3.9541665e+00
   1.4213176e+00   1.2230390e+00
   1.3130385e+00   3.4706264e+00
   3.9012054e-01   3.6807308e+00
   1.9922640e+00   2.6083709e+00
   3.2075479e+00   3.9381180e+00
   1.6202375e+00   2.9696471e+00
   2.3679706e+00   3.1223533e+00
   1.6022036e+00   3.2562188e+00
   1.0713185e+00   3.5276468e+00
   1.4135517e+00   3.6862906e+00
   2.3808312e+00   3.0560331e+00
   4.2774112e+00   3.6561958e+00
   2.0125285e+00   3.0726506e+00
   1.3626807e+00   2.6257500e+00
   1.9304323e+00   3.3313400e+00
   1.8177845e+00   2.2072148e+00
   1.6148314e+00   4.0237734e+00
   3.8874943e-01   4.6443244e+00
   1.9284891e+00   4.0773706e+00
   1.9129578e+00   3.8561574e+00
   4.6569726e-01   3.2638547e+00
  -3.6207363e-01   3.8261764e+00
   1.4578625e+00   3.5128483e+00
   5.4251581e-01   3.3404352e+00
   1.4025709e+00   3.6178729e+00
   4.1787139e-01   3.2156179e+00
   1.5137925e+00   3.4532175e+00
  -2.4163907e-01   2.4894241e+00
   1.5458001e+00   3.7527344e+00
   9.0164481e-01   4.1965675e+00
   1.4112046e+00   4.3488171e+00
   2.5249812e+00   3.8874749e+00
   1.2789709e+00   3.2347200e+00
   1.2419977e+00   4.8376823e+00
   7.2217287e-01   4.1498399e+00
   2.0057268e+00   2.7067058e+00
   7.7925462e-01   3.6105269e+00
   9.7064475e-01   2.4641069e+00
   1.4314361e+00   4.0796103e+00
   2.1988872e+00   2.9074045e+00
   6.4336381e-01   3.3625886e+00
   1.7176788e+00   3.9655530e+00
   8.2870476e-01   3.3229903e+00
   1.2235087e+00   5.0757085e+00
   1.6127783e+00   3.5652956e+00
   1.0447817e+00   2.6286549e+00
   2.1712828e+00   4.7838133e+00
   6.5977397e-01   4.6977718e+00
   5.2098733e-02   3.3096671e+00
   9.6590904e-01   4.7145904e+00
   7.0786136e-01   3.2802889e+00
   5.2110790e-01   4.0618181e+00
   8.8221583e-01   2.8926435e+00
  -3.2213512e-03   3.4101312e+00
   1.6686513e+00   5.7009132e+00
   1.3272201e+00   4.5042377e+00
   9.9014921e-01   4.2849870e+00
   1.8538385e-01   4.3362421e+00
  -5.9988705e-01   3.9389220e+00
   5.4472509e-01   5.3077516e+00
   1.1919517e+00   5.6744682e+00
   8.4218073e-01   3.3710044e+00
  -4.9306506e-01   5.0699281e+00
   2.0153104e+00   3.6088451e+00
   3.6535045e-01   4.6133487e+00
  -6.6080808e-03   3.9961907e+00
   1.2577944e-01   4.2156931e+00
   1.0253639e+00   3.2086926e+00
  -4.3977327e-01   2.8667014e+00
   6.7890483e-01   4.2953848e+00
   6.9517082e-02   4.3734079e+00
   2.6448239e-03   4.4829175e+00
   4.2392732e-01   4.9916982e+00
   1.6738509e+00   3.8242503e+00
   4.5115070e-01   4.5475211e+00
   2.7555843e-01   4.2320332e+00
  -7.8875802e-01   4.2762534e+00
  -7.7117812e-01   4.5377213e+00
   7.7660474e-01   5.3696261e+00
  -2.0149229e-01   3.7085789e+00
  -1.1192477e+00   2.2552440e+00
  -9.5909188e-01   3.7408908e+00
  -7.4327505e-01   3.9178343e+00
   9.9815263e-02   4.4368071e+00
  -5.6806855e-01   3.7623496e+00
   7.7141121e-01   3.5859669e+00
  -8.0657159e-01   4.0130681e+00
  -1.9573977e-01   3.6891329e+00
   4.5000476e-01   4.5819210e+00
  -1.2440166e+00   3.2571633e+00
  -1.0943870e+00   4.5176323e+00
  -1.0011632e+00   3.3068867e+00
  -8.9386974e-01   4.2120004e+00
  -3.4216656e-01   2.4294149e+00
  -6.5558716e-01   5.1968787e+00
  -1.7477227e-01   5.5315293e+00
  -8.8920326e-01   4.6688669e+00
  -2.7964144e-01   3.7084674e+00
  -6.1437703e-01   5.1375866e+00
   1.1564953e-01   4.8197384e+00
  -3.3256440e-02   2.5422890e+00
  -6.7496747e-01   5.1795049e+00
  -1.0238638e+00   4.3174118e+00
  -1.1970949e+00   4.3369171e+00
  -5.8463499e-01   3.0842722e+00
  -8.1593198e-01   3.0001355e+00
  -4.3857925e-01   4.1565196e+00
  -9.4361144e-01   4.3653228e+00
  -9.2057889e-01   3.6079876e+00
  -3.7540353e-01   4.8187104e+00
  -3.5402837e-01   4.2759667e+00
  -1.2244990e+00   4.0282174e+00
  -1.4894309e+00   4.6346137e+00
  -1.1242703e+00   3.4024375e+00
  -1.2399898e+00   4.6391588e+00
  -1.2430352e+00   4.5025731e+00
  -8.5580290e-01   4.4351053e+00
  -1.6241216e+00   5.4426641e+00
  -1.0532965e+00   4.1565665e+00
  -9.8920028e-02   3.9403569e+00
  -6.5105639e-01   3.2082827e+00
   5.4959990e-01   3.8257619e+00
  -1.4326725e+00   5.7042663e+00
  -1.6896068e+00   3.0177263e+00
  -1.6617103e+00   2.6961645e+00
  -1.5938995e+00   5.6076105e+00
  -2.7221520e-01   2.9426014e+00
  -9.2381904e-01   4.8855363e+00
   5.1907770e-01   4.9729674e+00
  -6.3242156e-01   3.5468828e+00
  -1.7123801e+00   2.6843179e+00
  -2.0519811e+00   4.6117693e+00
  -1.3484280e+00   3.6933220e+00
  -1.7321229e+00   4.9686871e+00
  -7.2788976e-01   4.2794654e+00
  -1.2633627e+00   2.5649209e+00
  -1.6903609e+00   4.7835120e+00
  -1.4914413e+00   3.9573061e+00
  -1.3143575e+00   2.8221286e+00
  -3.0469356e+00   3.8523544e+00
  -1.7146152e+00   4.9420616e+00
  -2.3393579e+00   4.6393978e+00
  -1.7374200e+00   3.7237570e+00
  -1.4374911e+00   3.5492263e+00
  -1.6436991e+00   2.1735089e+00
  -2.8397031e+00   2.1626211e+00
  -2.4392189e+00   3.8314008e+00
  -1.8258783e+00   3.7514188e+00
  -2.4406922e+00   4.1624180e+00
  -1.9801504e+00   4.5556963e+00
  -2.5782200e+00   4.2983957e+00
  -6.8367848e-01   4.1163913e+00
  -1.3640067e+00   4.5864584e+00
  -1.3444025e+00   3.3510249e+00
  -1.7890817e+00   5.1595635e+00
  -3.0652753e+00   3.6762407e+00
  -2.5299113e+00   4.7831614e+00
  -1.7966278e+00   2.8915135e+00
  -1.0240557e+00   3.4782035e+00
  -3.3227402e+00   4.4096415e+00
  -2.9421937e-01   5.4846934e+00
  -1.9574064e+00   2.6445206e+00
  -1.7789396e+00   3.9746232e+00
  -6.6642993e-01   3.5103475e+00
  -2.2244072e+00   3.2093355e+00
  -1.5436049e+00   2.5394832e+00
  -2.0315406e+00   5.1557075e+00
  -2.0102890e+00   2.5821720e+00
  -2.6140569e+00   5.2564975e+00
  -3.7212794e+00   3.2492818e+00
  -2.3298445e+00   3.7364639e+00
  -2.1168031e+00   3.9093386e+00
  -1.4612964e+00   2.7176678e+00
  -2.2562953e+00   2.8381710e+00
  -2.8864346e+00   3.5710015e+00
  -2.7568175e+00   4.4147306e+00
  -2.8540666e+00   2.2433582e+00
  -3.4769355e+00   3.3490366e+00
  -2.8759709e+00   3.6377264e+00
  -1.6535633e+00   4.2076962e+00
  -1.7633427e+00   3.9911187e+00
  -3.3923518e+00   2.6788003e+00
  -3.7378087e+00   3.0536879e+00
  -3.6189456e+00   5.1971989e+00
  -2.6678374e+00   5.7838424e+00
  -3.6659969e+00   4.0973617e+00
  -3.5407798e+00   2.7666888e+00
  -2.3026870e+00   4.2396315e+00
  -2.4455654e+00   3.6713184e+00
  -2.8491639e+00   3.7075911e+00
  -3.1388159e+00   4.3947598e+00
  -2.6770782e+00   3.7551771e+00
  -2.6577351e+00   4.0060030e+00
  -2.3753773e+00   3.2733664e+00
  -3.1371675e+00   2.8217571e+00
  -2.7244513e+00   2.8271222e+00
  -3.2589578e+00   3.7433299e+00
  -2.5137491e+00   2.7581633e+00
  -9.6085027e-01   2.3301624e+00
  -3.5406407e+00   4.3610618e+00
  -4.7639833e+00   3.3743572e+00
  -3.9878162e+00   7.6486757e-01
  -2.4267231e+00   3.1508536e+00
  -4.5157479e-01   4.1898017e+00
  -2.5939126e+00   2.4112765e+00
  -2.6507000e+00   3.0812250e+00
  -2.9228199e+00   2.5951369e+00
  -5.5001415e+00   3.2887725e+00
  -2.3884862e+00   3.6536133e+00
  -2.7365961e+00   3.7089299e+00
  -5.0918765e+00   3.1307896e+00
  -3.3419661e+00   3.8804805e+00
  -2.7903506e+00   2.4452514e+00
  -3.3707623e+00   2.3761221e+00
  -3.3942340e+00   3.5707063e+00
  -4.6924270e+00   2.9353926e+00
  -5.7210936e+00   2.0652669e+00
  -2.0970136e+00   4.0213129e+00
  -2.5539631e+00   3.3414024e+00
  -3.4318850e+00   2.3344411e+00
  -4.7666033e+00   2.7889692e+00
  -3.5405430e+00   3.6682410e+00
  -3.6189667e+00   2.6785240e+00
  -3.8877030e+00   1.6437494e+00
  -2.5127726e+00   2.3938858e+00
  -2.3121864e+00   1.7451202e+00
  -5.9352617e+00   1.9825757e+00
  -2.4537188e+00   2.6956302e+00
  -3.2578096e+00   4.0147149e+00
  -2.8104210e+00   4.5436209e+00
  -3.0799072e+00   1.7823326e+00
  -4.0206209e+00   4.9694129e+00
  -4.7440073e+00   1.9184174e+00
  -2.6255730e+00   3.3461945e+00
  -4.0672629e+00   3.8995307e+00
  -2.7905489e+00   3.5969804e+00
  -4.2403383e+00   2.5890604e+00
  -3.2212415e+00   3.6825493e+00
  -3.5075669e+00   3.4525543e+00
  -5.0990782e+00   4.3566436e+00
  -3.2899713e+00   3.7845216e+00
  -5.0623345e+00   1.8930708e+00
  -3.1303889e+00   2.8933288e+00
  -4.3349150e+00   2.2633679e+00
  -1.4459808e+00   4.2807646e+00
  -3.4892749e+00   1.3664267e+00
  -4.3750905e+00   3.3650848e+00
  -4.5317373e+00   3.0276768e+00
  -2.9310490e+00   2.2888716e+00
  -3.6327372e+00   2.5084067e+00
  -3.1497157e+00   2.3155556e+00
  -3.3973083e+00   3.2965272e+00
  -4.9626737e+00   2.2886180e+00
  -2.9349668e+00   1.0171831e+00
  -3.3948686e+00   2.1445858e+00
  -3.1011108e+00   4.0073398e-01
  -5.9614523e+00   2.2000355e+00
  -3.5059054e+00   1.2470198e+00
  -4.5144381e+00   2.2068347e+00
  -5.6976888e+00   9.8594965e-01
  -4.3829175e+00   1.5210633e+00
  -4.2228851e+00   1.6986073e+00
  -5.0043987e+00   9.6083731e-01
  -3.4594599e+00   1.9006635e+00
  -4.9163180e+00   3.2010885e+00
  -4.2012417e+00   2.5676458e+00
  -4.0460877e+00   1.6861274e+00
  -3.6603414e+00   1.1461945e+00
  -4.4968426e+00   4.3409468e-01
  -4.2956398e+00   2.1134319e+00
  -4.5928312e+00   1.3030197e+00
  -5.4541945e+00   2.8219986e+00
  -4.9275295e+00   3.0362807e+00
  -5.0831532e+00   2.8407729e+00
  -4.4295298e+00   2.7469702e-01
  -4.6045766e+00   2.3341015e+00
  -3.9308832e+00   1.6082952e+00
  -4.9807076e+00   2.3485158e+00
  -4.9084918e+00   2.2884999e+00
  -4.5393616e+00   1.3377527e+00
  -4.2360374e+00   1.6219233e+00
  -5.3190477e+00   1.8426153e+00
  -2.5545727e+00   9.3999310e-01
  -3.5107840e+00   1.1104698e+00
  -4.0553551e+00   4.5240289e-01
  -3.1727916e+00   2.0665040e+00
  -4.9560441e+00   7.6753970e-01
  -4.5524525e+00   1.8486180e+00
  -3.5213825e+00   1.2027929e+00
  -3.4238254e+00  -8.6873931e-01
  -4.4185819e+00   7.5862418e-01
  -5.2274613e+00   4.6124739e-01
  -4.2219700e+00  -4.2093876e-01
  -4.9217500e+00   1.0013194e+00
  -4.9468412e+00   7.8841997e-02
  -5.8665193e+00   1.2932773e+00
  -2.7945127e+00   1.9764739e+00
  -3.0518509e+00   2.4648077e+00
  -5.1380885e+00   1.9206703e+00
  -6.0596444e+00   4.2430759e-01
  -4.1257735e+00   1.0405586e+00
  -5.6825152e+00   7.2306055e-01
  -4.1028119e+00  -6.6330647e-01
  -5.0243037e+00  -8.1004555e-01
  -5.9692120e+00   6.9342732e-01
  -4.5493179e+00   1.7780193e+00
  -6.2069957e+00  -5.1305509e-01
  -4.8665731e+00   1.3389496e+00
  -4.9717571e+00   1.4826208e+00
  -4.4722658e+00   1.0284649e+00
  -4.9770309e+00   7.6544634e-01
  -5.9146965e+00   1.5169252e+00
  -6.0329968e+00  -4.6185584e-01
  -5.4454796e+00   3.1542775e-01
  -3.6474720e+00  -1.6541082e-01
  -4.9581188e+00   9.6665973e-01
  -5.5326843e+00  -1.5424910e-01
  -6.9705636e+00   2.9633148e-01
  -3.3535547e+00   2.0022709e+00
  -3.6879370e+00   1.6906459e+00
  -4.3898020e+00  -5.3167953e-01
  -4.3391142e+00   1.1004048e+00
  -3.3419123e+00  -8.2255420e-02
  -5.0578903e+00   6.5549815e-01
  -4.9460989e+00   7.5795271e-01
  -5.5603306e+00  -1.8608228e+00
  -5.3975980e+00  -9.2259981e-01
  -5.4779324e+00   8.9778077e-02
  -7.1961389e+00   1.8358421e+00
  -4.4855776e+00  -1.2358731e+00
  -4.7368128e+00  -4.4090409e-01
  -4.5582156e+00  -1.3810179e+00
  -5.8874707e+00   5.6457566e-01
  -4.7251032e+00   6.1912339e-01
